ID	Grade	Item	Hit	Miss	TL
1	3	1	20	10	15
1	3	2	21	9	15
1	3	3	16	14	12
1	3	4	13	17	10
1	3	5	16	14	12
1	3	6	13	17	10
1	3	7	14	16	11
1	3	8	14	16	11
1	3	9	20	10	15
1	3	10	20	10	15
1	3	11	14	16	11
1	3	12	12	18	10
1	3	13	16	14	12
1	3	14	13	17	10
1	3	15	21	9	15
1	3	16	14	16	11
1	3	17	18	12	14
1	3	18	11	19	10
1	3	19	17	13	13
1	3	20	18	12	14
2	3	1	25	5	15
2	3	2	25	5	15
2	3	3	29	1	12
2	3	4	20	10	10
2	3	5	25	5	12
2	3	6	28	2	10
2	3	7	28	2	11
2	3	8	28	2	11
2	3	9	29	1	15
2	3	10	29	1	15
2	3	11	29	1	11
2	3	12	29	1	10
2	3	13	23	7	12
2	3	14	28	2	10
2	3	15	27	3	15
2	3	16	28	2	11
2	3	17	29	1	14
2	3	18	25	5	10
2	3	19	24	6	13
2	3	20	22	8	14
3	3	1	20	10	15
3	3	2	21	9	15
3	3	3	14	16	12
3	3	4	11	12	10
3	3	5	11	19	12
3	3	6	12	18	10
3	3	7	8	22	11
3	3	8	11	19	11
3	3	9	17	13	15
3	3	10	17	13	15
3	3	11	11	19	11
3	3	12	10	20	10
3	3	13	9	21	12
3	3	14	14	16	10
3	3	15	20	10	15
3	3	16	13	17	11
3	3	17	18	12	14
3	3	18	8	22	10
3	3	19	13	17	13
3	3	20	15	15	14
4	3	1	27	3	15
4	3	2	20	10	15
4	3	3	17	13	12
4	3	4	13	17	10
4	3	5	17	13	12
4	3	6	15	15	10
4	3	7	18	12	11
4	3	8	16	14	11
4	3	9	20	10	15
4	3	10	21	9	15
4	3	11	17	13	11
4	3	12	17	13	10
4	3	13	21	9	12
4	3	14	16	14	10
4	3	15	23	7	15
4	3	16	23	7	11
4	3	17	22	8	14
4	3	18	15	15	10
4	3	19	23	7	13
4	3	20	16	14	14
5	3	1	23	7	15
5	3	2	25	5	15
5	3	3	15	15	12
5	3	4	21	9	10
5	3	5	13	17	12
5	3	6	18	12	10
5	3	7	14	16	11
5	3	8	18	12	11
5	3	9	14	16	15
5	3	10	20	10	15
5	3	11	21	9	11
5	3	12	18	12	10
5	3	13	11	19	12
5	3	14	16	14	10
5	3	15	26	4	15
5	3	16	21	9	11
5	3	17	16	14	14
5	3	18	25	5	10
5	3	19	12	18	13
5	3	20	18	12	14
6	3	1	28	2	15
6	3	2	30	0	15
6	3	3	26	4	12
6	3	4	29	1	10
6	3	5	27	3	12
6	3	6	29	1	10
6	3	7	29	1	11
6	3	8	28	2	11
6	3	9	28	2	15
6	3	10	28	2	15
6	3	11	30	0	11
6	3	12	29	1	10
6	3	13	26	4	12
6	3	14	26	4	10
6	3	15	30	0	15
6	3	16	27	3	11
6	3	17	30	0	14
6	3	18	29	1	10
6	3	19	30	0	13
6	3	20	29	1	14
7	3	1	20	10	15
7	3	2	25	5	15
7	3	3	20	10	12
7	3	4	19	11	10
7	3	5	16	14	12
7	3	6	26	4	10
7	3	7	18	12	11
7	3	8	18	12	11
7	3	9	20	10	15
7	3	10	25	5	15
7	3	11	20	10	11
7	3	12	17	13	10
7	3	13	17	13	12
7	3	14	25	5	10
7	3	15	22	8	15
7	3	16	20	10	11
7	3	17	20	10	14
7	3	18	21	9	10
7	3	19	19	11	13
7	3	20	26	4	14
8	3	1	29	1	15
8	3	2	20	10	15
8	3	3	16	14	12
8	3	4	23	7	10
8	3	5	15	15	12
8	3	6	22	8	10
8	3	7	13	17	11
8	3	8	24	6	11
8	3	9	23	7	15
8	3	10	25	5	15
8	3	11	12	18	11
8	3	12	11	19	10
8	3	13	15	15	12
8	3	14	16	14	10
8	3	15	21	9	15
8	3	16	14	16	11
8	3	17	17	13	14
8	3	18	15	15	10
8	3	19	15	15	13
8	3	20	17	13	14
9	3	1	28	2	15
9	3	2	29	1	15
9	3	3	18	12	12
9	3	4	17	13	10
9	3	5	20	10	12
9	3	6	23	7	10
9	3	7	27	3	11
9	3	8	21	9	11
9	3	9	29	1	15
9	3	10	29	1	15
9	3	11	29	1	11
9	3	12	21	9	10
9	3	13	20	10	12
9	3	14	29	1	10
9	3	15	29	1	15
9	3	16	25	5	11
9	3	17	20	10	14
9	3	18	23	7	10
9	3	19	20	10	13
9	3	20	28	2	14
10	3	1	30	0	15
10	3	2	24	6	15
10	3	3	24	6	12
10	3	4	23	7	10
10	3	5	29	1	12
10	3	6	27	3	10
10	3	7	17	13	11
10	3	8	23	7	11
10	3	9	18	12	15
10	3	10	25	5	15
10	3	11	13	17	11
10	3	12	12	18	10
10	3	13	12	18	12
10	3	14	18	12	10
10	3	15	26	4	15
10	3	16	27	3	11
10	3	17	15	15	14
10	3	18	16	14	10
10	3	19	16	14	13
10	3	20	14	16	14
11	3	1	23	7	15
11	3	2	19	11	15
11	3	3	17	13	12
11	3	4	24	6	10
11	3	5	22	8	12
11	3	6	19	11	10
11	3	7	18	12	11
11	3	8	18	12	11
11	3	9	24	6	15
11	3	10	24	6	15
11	3	11	25	5	11
11	3	12	26	4	10
11	3	13	18	12	12
11	3	14	26	4	10
11	3	15	29	1	15
11	3	16	30	0	11
11	3	17	26	4	14
11	3	18	25	5	10
11	3	19	21	9	13
11	3	20	23	7	14
12	3	1	13	17	15
12	3	2	18	12	15
12	3	3	14	16	12
12	3	4	13	17	10
12	3	5	13	17	12
12	3	6	14	16	10
12	3	7	16	14	11
12	3	8	13	17	11
12	3	9	15	15	15
12	3	10	18	12	15
12	3	11	15	15	11
12	3	12	14	16	10
12	3	13	14	16	12
12	3	14	25	5	10
12	3	15	18	12	15
12	3	16	19	11	11
12	3	17	15	15	14
12	3	18	15	15	10
12	3	19	18	12	13
12	3	20	20	10	14
13	3	1	20	10	15
13	3	2	16	14	15
13	3	3	18	12	12
13	3	4	18	12	10
13	3	5	12	18	12
13	3	6	18	12	10
13	3	7	16	14	11
13	3	8	21	9	11
13	3	9	24	6	15
13	3	10	24	6	15
13	3	11	19	11	11
13	3	12	18	12	10
13	3	13	16	14	12
13	3	14	15	15	10
13	3	15	20	10	15
13	3	16	21	9	11
13	3	17	19	11	14
13	3	18	18	12	10
13	3	19	17	13	13
13	3	20	22	8	14
14	3	1	28	2	15
14	3	2	27	3	15
14	3	3	21	9	12
14	3	4	28	2	10
14	3	5	23	7	12
14	3	6	28	2	10
14	3	7	29	1	11
14	3	8	29	1	11
14	3	9	27	3	15
14	3	10	27	3	15
14	3	11	20	10	11
14	3	12	24	6	10
14	3	13	14	16	12
14	3	14	26	4	10
14	3	15	25	5	15
14	3	16	23	7	11
14	3	17	24	6	14
14	3	18	25	5	10
14	3	19	29	1	13
14	3	20	27	3	14
15	3	1	15	15	15
15	3	2	20	10	15
15	3	3	18	12	12
15	3	4	24	6	10
15	3	5	17	13	12
15	3	6	27	3	10
15	3	7	25	5	11
15	3	8	16	14	11
15	3	9	19	11	15
15	3	10	21	9	15
15	3	11	18	12	11
15	3	12	18	12	10
15	3	13	10	20	12
15	3	14	16	14	10
15	3	15	21	9	15
15	3	16	16	14	11
15	3	17	16	14	14
15	3	18	16	14	10
15	3	19	16	14	13
15	3	20	13	17	14
16	3	1	27	3	15
16	3	2	29	1	15
16	3	3	18	12	12
16	3	4	27	3	10
16	3	5	24	6	12
16	3	6	27	3	10
16	3	7	25	5	11
16	3	8	29	1	11
16	3	9	28	2	15
16	3	10	29	1	15
16	3	11	24	6	11
16	3	12	20	10	10
16	3	13	22	8	12
16	3	14	25	5	10
16	3	15	26	4	15
16	3	16	28	2	11
16	3	17	24	6	14
16	3	18	25	5	10
16	3	19	23	7	13
16	3	20	22	8	14
17	3	1	9	21	15
17	3	2	20	10	15
17	3	3	28	2	12
17	3	4	17	13	10
17	3	5	25	5	12
17	3	6	19	11	10
17	3	7	13	17	11
17	3	8	18	12	11
17	3	9	19	11	15
17	3	10	22	8	15
17	3	11	17	13	11
17	3	12	21	9	10
17	3	13	14	16	12
17	3	14	21	9	10
17	3	15	26	4	15
17	3	16	21	9	11
17	3	17	16	14	14
17	3	18	22	8	10
17	3	19	13	17	13
17	3	20	17	13	14
18	3	1	17	13	15
18	3	2	25	5	15
18	3	3	20	10	12
18	3	4	20	10	10
18	3	5	18	12	12
18	3	6	23	7	10
18	3	7	17	13	11
18	3	8	27	3	11
18	3	9	15	5	15
18	3	10	20	10	15
18	3	11	19	11	11
18	3	12	22	8	10
18	3	13	15	5	12
18	3	14	20	10	10
18	3	15	15	15	15
18	3	16	21	9	11
18	3	17	20	10	14
18	3	18	22	8	10
18	3	19	17	13	13
18	3	20	20	10	14
19	3	1	28	2	15
19	3	2	21	9	15
19	3	3	19	11	12
19	3	4	17	13	10
19	3	5	18	12	12
19	3	6	19	11	10
19	3	7	18	12	11
19	3	8	19	11	11
19	3	9	19	11	15
19	3	10	22	8	15
19	3	11	29	1	11
19	3	12	22	8	10
19	3	13	20	10	12
19	3	14	20	10	10
19	3	15	19	11	15
19	3	16	26	4	11
19	3	17	24	6	14
19	3	18	24	6	10
19	3	19	24	6	13
19	3	20	25	5	14
20	3	1	27	3	15
20	3	2	18	12	15
20	3	3	15	15	12
20	3	4	26	4	10
20	3	5	15	15	12
20	3	6	26	4	10
20	3	7	28	2	11
20	3	8	22	8	11
20	3	9	17	13	15
20	3	10	27	3	15
20	3	11	18	12	11
20	3	12	17	13	10
20	3	13	16	14	12
20	3	14	18	12	10
20	3	15	24	6	15
20	3	16	24	6	11
20	3	17	18	12	14
20	3	18	19	11	10
20	3	19	17	13	13
20	3	20	19	11	14
21	3	1	29	1	15
21	3	2	20	10	15
21	3	3	22	8	12
21	3	4	17	13	10
21	3	5	16	14	12
21	3	6	24	6	10
21	3	7	20	10	11
21	3	8	20	10	11
21	3	9	16	14	15
21	3	10	25	5	15
21	3	11	23	7	11
21	3	12	16	14	10
21	3	13	25	5	12
21	3	14	17	13	10
21	3	15	19	11	15
21	3	16	20	10	11
21	3	17	20	10	14
21	3	18	20	10	10
21	3	19	18	12	13
21	3	20	21	9	14
22	3	1	30	1	15
22	3	2	22	8	15
22	3	3	17	13	12
22	3	4	22	8	10
22	3	5	17	13	12
22	3	6	23	8	10
22	3	7	14	16	11
22	3	8	27	3	11
22	3	9	26	4	15
22	3	10	26	4	15
22	3	11	16	14	11
22	3	12	13	17	10
22	3	13	17	13	12
22	3	14	19	11	10
22	3	15	26	4	15
22	3	16	20	10	11
22	3	17	20	10	14
22	3	18	16	14	10
22	3	19	17	13	13
22	3	20	21	9	14
23	3	1	26	4	15
23	3	2	20	10	15
23	3	3	18	12	12
23	3	4	18	12	10
23	3	5	14	16	12
23	3	6	17	13	10
23	3	7	18	12	11
23	3	8	18	12	11
23	3	9	22	8	15
23	3	10	25	5	15
23	3	11	20	10	11
23	3	12	18	12	10
23	3	13	17	13	12
23	3	14	27	3	10
23	3	15	27	3	15
23	3	16	25	5	11
23	3	17	21	9	14
23	3	18	17	13	10
23	3	19	20	10	13
23	3	20	23	7	14
24	3	1	22	8	15
24	3	2	23	7	15
24	3	3	20	10	12
24	3	4	17	13	10
24	3	5	17	13	12
24	3	6	17	13	10
24	3	7	17	13	11
24	3	8	25	5	11
24	3	9	25	5	15
24	3	10	23	7	15
24	3	11	25	5	11
24	3	12	19	11	10
24	3	13	18	12	12
24	3	14	18	12	10
24	3	15	27	3	15
24	3	16	18	12	11
24	3	17	22	8	14
24	3	18	17	13	10
24	3	19	18	12	13
24	3	20	23	7	14
25	3	1	27	3	15
25	3	2	30	0	15
25	3	3	20	10	12
25	3	4	19	11	10
25	3	5	23	7	12
25	3	6	24	6	10
25	3	7	22	8	11
25	3	8	23	7	11
25	3	9	21	9	15
25	3	10	25	5	15
25	3	11	23	7	11
25	3	12	18	12	10
25	3	13	21	9	12
25	3	14	22	8	10
25	3	15	24	6	15
25	3	16	26	4	11
25	3	17	20	10	14
25	3	18	21	9	10
25	3	19	21	9	13
25	3	20	22	8	14
26	3	1	20	10	15
26	3	2	24	6	15
26	3	3	17	13	12
26	3	4	25	5	10
26	3	5	25	5	12
26	3	6	20	10	10
26	3	7	20	10	11
26	3	8	22	8	11
26	3	9	26	4	15
26	3	10	25	5	15
26	3	11	20	10	11
26	3	12	21	9	10
26	3	13	20	10	12
26	3	14	22	8	10
26	3	15	19	11	15
26	3	16	22	8	11
26	3	17	19	11	14
26	3	18	25	5	10
26	3	19	18	12	13
26	3	20	18	12	14
27	3	1	30	0	15
27	3	2	19	11	15
27	3	3	25	5	12
27	3	4	18	12	10
27	3	5	22	8	12
27	3	6	22	8	10
27	3	7	19	11	11
27	3	8	20	10	11
27	3	9	20	10	15
27	3	10	27	3	15
27	3	11	27	3	11
27	3	12	21	9	10
27	3	13	22	8	12
27	3	14	21	9	10
27	3	15	28	2	15
27	3	16	28	2	11
27	3	17	30	0	14
27	3	18	26	4	10
27	3	19	29	1	13
27	3	20	10	20	14
28	3	1	20	10	15
28	3	2	17	13	15
28	3	3	16	14	12
28	3	4	21	9	10
28	3	5	17	13	12
28	3	6	21	9	10
28	3	7	16	14	11
28	3	8	17	13	11
28	3	9	18	12	15
28	3	10	20	10	15
28	3	11	20	10	11
28	3	12	14	16	10
28	3	13	15	15	12
28	3	14	20	10	10
28	3	15	25	5	15
28	3	16	16	14	11
28	3	17	18	12	14
28	3	18	18	12	10
28	3	19	16	14	13
28	3	20	18	12	14
29	3	1	20	10	15
29	3	2	17	13	15
29	3	3	19	11	12
29	3	4	15	15	10
29	3	5	16	14	12
29	3	6	20	10	10
29	3	7	19	11	11
29	3	8	13	17	11
29	3	9	20	10	15
29	3	10	19	11	15
29	3	11	11	19	11
29	3	12	23	7	10
29	3	13	20	10	12
29	3	14	18	12	10
29	3	15	27	0	15
29	3	16	17	13	11
29	3	17	20	10	14
29	3	18	19	11	10
29	3	19	18	12	13
29	3	20	18	12	14
30	3	1	23	7	15
30	3	2	16	14	15
30	3	3	18	12	12
30	3	4	17	13	10
30	3	5	16	14	12
30	3	6	17	13	10
30	3	7	17	13	11
30	3	8	20	10	11
30	3	9	12	18	15
30	3	10	23	7	15
30	3	11	22	8	11
30	3	12	20	10	10
30	3	13	17	13	12
30	3	14	21	9	10
30	3	15	25	5	15
30	3	16	25	5	11
30	3	17	20	10	14
30	3	18	24	6	10
30	3	19	19	11	13
30	3	20	27	3	14
31	3	1	30	0	15
31	3	2	14	16	15
31	3	3	21	9	12
31	3	4	17	13	10
31	3	5	19	11	12
31	3	6	16	14	10
31	3	7	19	11	11
31	3	8	16	14	11
31	3	9	20	10	15
31	3	10	22	8	15
31	3	11	17	13	11
31	3	12	20	10	10
31	3	13	21	9	12
31	3	14	16	14	10
31	3	15	24	6	15
31	3	16	20	10	11
31	3	17	21	9	14
31	3	18	17	13	10
31	3	19	19	11	13
31	3	20	16	14	14
32	3	1	29	1	15
32	3	2	27	3	15
32	3	3	12	18	12
32	3	4	20	10	10
32	3	5	15	15	12
32	3	6	17	13	10
32	3	7	13	17	11
32	3	8	22	8	11
32	3	9	19	11	15
32	3	10	18	12	15
32	3	11	17	13	11
32	3	12	22	8	10
32	3	13	19	11	12
32	3	14	24	6	10
32	3	15	23	7	15
32	3	16	20	10	11
32	3	17	16	14	14
32	3	18	16	14	10
32	3	19	14	16	13
32	3	20	25	5	14
33	3	1	30	0	15
33	3	2	25	5	15
33	3	3	22	8	12
33	3	4	24	6	10
33	3	5	22	8	12
33	3	6	23	7	10
33	3	7	26	4	11
33	3	8	25	5	11
33	3	9	22	8	15
33	3	10	25	5	15
33	3	11	26	4	11
33	3	12	25	5	10
33	3	13	22	8	12
33	3	14	25	5	10
33	3	15	27	3	15
33	3	16	27	3	11
33	3	17	21	9	14
33	3	18	26	4	10
33	3	19	28	2	13
33	3	20	27	3	14
34	3	1	23	7	15
34	3	2	22	8	15
34	3	3	19	11	12
34	3	4	25	5	10
34	3	5	23	7	12
34	3	6	24	6	10
34	3	7	15	15	11
34	3	8	20	10	11
34	3	9	22	8	15
34	3	10	20	10	15
34	3	11	17	13	11
34	3	12	22	8	10
34	3	13	23	7	12
34	3	14	20	10	10
34	3	15	18	12	15
34	3	16	18	12	11
34	3	17	20	10	14
34	3	18	25	5	10
34	3	19	25	5	13
34	3	20	16	14	14
35	3	1	14	16	15
35	3	2	22	8	15
35	3	3	16	14	12
35	3	4	25	5	10
35	3	5	22	8	12
35	3	6	16	14	10
35	3	7	19	11	11
35	3	8	17	13	11
35	3	9	20	10	15
35	3	10	20	10	15
35	3	11	20	10	11
35	3	12	24	6	10
35	3	13	20	10	12
35	3	14	20	10	10
35	3	15	21	9	15
35	3	16	22	8	11
35	3	17	19	11	14
35	3	18	20	10	10
35	3	19	17	13	13
35	3	20	25	5	14
36	3	1	19	11	15
36	3	2	10	20	15
36	3	3	18	12	12
36	3	4	12	18	10
36	3	5	17	13	12
36	3	6	21	9	10
36	3	7	20	10	11
36	3	8	18	12	11
36	3	9	20	10	15
36	3	10	21	9	15
36	3	11	16	14	11
36	3	12	14	16	10
36	3	13	20	10	12
36	3	14	18	12	10
36	3	15	16	14	15
36	3	16	16	14	11
36	3	17	16	14	14
36	3	18	15	15	10
36	3	19	15	15	13
36	3	20	15	15	14
37	3	1	18	12	15
37	3	2	16	14	15
37	3	3	23	7	12
37	3	4	21	9	10
37	3	5	18	12	12
37	3	6	26	4	10
37	3	7	18	12	11
37	3	8	21	9	11
37	3	9	24	6	15
37	3	10	26	4	15
37	3	11	21	9	11
37	3	12	28	2	10
37	3	13	25	5	12
37	3	14	26	4	10
37	3	15	21	9	15
37	3	16	26	4	11
37	3	17	24	6	14
37	3	18	23	7	10
37	3	19	23	7	13
37	3	20	24	6	14
38	3	1	24	6	15
38	3	2	19	11	15
38	3	3	16	14	12
38	3	4	24	6	10
38	3	5	18	12	12
38	3	6	21	9	10
38	3	7	21	9	11
38	3	8	26	4	11
38	3	9	28	2	15
38	3	10	28	2	15
38	3	11	28	2	11
38	3	12	26	4	10
38	3	13	26	4	12
38	3	14	24	6	10
38	3	15	22	8	15
38	3	16	24	6	11
38	3	17	17	13	14
38	3	18	23	7	10
38	3	19	20	10	13
38	3	20	20	10	14
39	3	1	18	12	15
39	3	2	19	11	15
39	3	3	14	16	12
39	3	4	15	15	10
39	3	5	17	13	12
39	3	6	20	10	10
39	3	7	17	13	11
39	3	8	21	9	11
39	3	9	20	10	15
39	3	10	21	9	15
39	3	11	17	13	11
39	3	12	25	5	10
39	3	13	19	11	12
39	3	14	21	9	10
39	3	15	21	9	15
39	3	16	16	14	11
39	3	17	21	9	14
39	3	18	19	11	10
39	3	19	15	15	13
39	3	20	19	11	14
40	3	1	20	10	15
40	3	2	12	18	15
40	3	3	13	17	12
40	3	4	18	12	10
40	3	5	13	17	12
40	3	6	20	10	10
40	3	7	12	18	11
40	3	8	15	15	11
40	3	9	24	6	15
40	3	10	20	10	15
40	3	11	12	18	11
40	3	12	16	14	10
40	3	13	17	13	12
40	3	14	21	9	10
40	3	15	15	15	15
40	3	16	17	13	11
40	3	17	21	9	14
40	3	18	17	13	10
40	3	19	16	14	13
40	3	20	15	15	14
41	3	1	18	12	15
41	3	2	18	12	15
41	3	3	21	9	12
41	3	4	20	10	10
41	3	5	18	12	12
41	3	6	16	14	10
41	3	7	19	11	11
41	3	8	19	11	11
41	3	9	17	13	15
41	3	10	21	9	15
41	3	11	19	11	11
41	3	12	27	3	10
41	3	13	21	9	12
41	3	14	18	12	10
41	3	15	22	8	15
41	3	16	24	6	11
41	3	17	20	10	14
41	3	18	26	4	10
41	3	19	18	12	13
41	3	20	19	11	14
42	3	1	20	10	15
42	3	2	17	13	15
42	3	3	25	5	12
42	3	4	19	11	10
42	3	5	21	9	12
42	3	6	20	10	10
42	3	7	18	12	11
42	3	8	20	10	11
42	3	9	28	2	15
42	3	10	25	5	15
42	3	11	22	8	11
42	3	12	28	2	10
42	3	13	28	2	12
42	3	14	24	6	10
42	3	15	28	2	15
42	3	16	20	10	11
42	3	17	28	2	14
42	3	18	21	9	10
42	3	19	28	2	13
42	3	20	25	5	14
43	3	1	27	3	15
43	3	2	21	9	15
43	3	3	24	6	12
43	3	4	19	11	10
43	3	5	28	2	12
43	3	6	26	4	10
43	3	7	22	8	11
43	3	8	25	5	11
43	3	9	21	9	15
43	3	10	25	5	15
43	3	11	26	4	11
43	3	12	26	4	10
43	3	13	25	5	12
43	3	14	22	8	10
43	3	15	21	9	15
43	3	16	21	9	11
43	3	17	21	9	14
43	3	18	21	9	10
43	3	19	20	10	13
43	3	20	22	8	14
44	3	1	13	17	15
44	3	2	16	14	15
44	3	3	9	21	12
44	3	4	15	15	10
44	3	5	14	16	12
44	3	6	16	14	10
44	3	7	7	23	11
44	3	8	18	12	11
44	3	9	16	14	15
44	3	10	18	12	15
44	3	11	13	17	11
44	3	12	21	9	10
44	3	13	15	15	12
44	3	14	15	15	10
44	3	15	13	17	15
44	3	16	17	13	11
44	3	17	16	14	14
44	3	18	13	17	10
44	3	19	16	14	13
44	3	20	17	13	14
45	3	1	21	9	15
45	3	2	17	13	15
45	3	3	14	16	12
45	3	4	16	14	10
45	3	5	16	14	12
45	3	6	13	17	10
45	3	7	13	17	11
45	3	8	17	13	11
45	3	9	25	5	15
45	3	10	18	12	15
45	3	11	19	11	11
45	3	12	23	7	10
45	3	13	14	16	12
45	3	14	21	9	10
45	3	15	13	17	15
45	3	16	19	11	11
45	3	17	12	18	14
45	3	18	17	13	10
45	3	19	14	16	13
45	3	20	24	6	14
46	3	1	13	17	15
46	3	2	20	10	15
46	3	3	16	14	12
46	3	4	13	17	10
46	3	5	14	16	12
46	3	6	21	9	10
46	3	7	16	14	11
46	3	8	22	8	11
46	3	9	12	18	15
46	3	10	16	14	15
46	3	11	16	14	11
46	3	12	23	7	10
46	3	13	11	9	12
46	3	14	12	18	10
46	3	15	14	16	15
46	3	16	21	9	11
46	3	17	17	13	14
46	3	18	13	17	10
46	3	19	19	11	13
46	3	20	20	10	14
47	3	1	12	18	15
47	3	2	15	15	15
47	3	3	13	17	12
47	3	4	11	19	10
47	3	5	13	17	12
47	3	6	17	13	10
47	3	7	14	16	11
47	3	8	15	15	11
47	3	9	22	8	15
47	3	10	19	11	15
47	3	11	14	16	11
47	3	12	17	13	10
47	3	13	16	14	12
47	3	14	14	16	10
47	3	15	16	14	15
47	3	16	8	22	11
47	3	17	12	18	14
47	3	18	12	18	10
47	3	19	11	19	13
47	3	20	12	18	14
48	3	1	17	13	15
48	3	2	17	13	15
48	3	3	24	6	12
48	3	4	29	1	10
48	3	5	18	12	12
48	3	6	19	11	10
48	3	7	22	8	11
48	3	8	21	9	11
48	3	9	12	18	15
48	3	10	28	2	15
48	3	11	21	9	11
48	3	12	27	3	10
48	3	13	26	4	12
48	3	14	22	8	10
48	3	15	19	11	15
48	3	16	21	9	11
48	3	17	26	4	14
48	3	18	17	13	10
48	3	19	23	7	13
48	3	20	23	7	14
49	3	1	20	10	15
49	3	2	20	10	15
49	3	3	17	13	12
49	3	4	23	7	10
49	3	5	21	9	12
49	3	6	22	8	10
49	3	7	22	8	11
49	3	8	20	10	11
49	3	9	24	6	15
49	3	10	24	6	15
49	3	11	24	6	11
49	3	12	28	2	10
49	3	13	28	2	12
49	3	14	29	1	10
49	3	15	20	10	15
49	3	16	24	6	11
49	3	17	26	4	14
49	3	18	21	9	10
49	3	19	22	8	13
49	3	20	23	7	14
50	3	1	16	14	15
50	3	2	20	10	15
50	3	3	14	16	12
50	3	4	12	18	10
50	3	5	18	12	12
50	3	6	15	15	10
50	3	7	15	15	11
50	3	8	11	19	11
50	3	9	14	16	15
50	3	10	12	18	15
50	3	11	14	16	11
50	3	12	18	12	10
50	3	13	17	13	12
50	3	14	13	17	10
50	3	15	10	20	15
50	3	16	15	15	11
50	3	17	13	17	14
50	3	18	14	16	10
50	3	19	12	18	13
50	3	20	15	15	14
51	3	1	19	11	15
51	3	2	18	12	15
51	3	3	20	10	12
51	3	4	14	16	10
51	3	5	16	14	12
51	3	6	18	12	10
51	3	7	18	12	11
51	3	8	20	10	11
51	3	9	19	11	15
51	3	10	20	10	15
51	3	11	20	10	11
51	3	12	20	10	10
51	3	13	20	10	12
51	3	14	15	15	10
51	3	15	20	10	15
51	3	16	16	14	11
51	3	17	23	7	14
51	3	18	14	16	10
51	3	19	19	11	13
51	3	20	14	16	14
52	3	1	22	8	15
52	3	2	18	12	15
52	3	3	23	7	12
52	3	4	20	10	10
52	3	5	22	8	12
52	3	6	20	10	10
52	3	7	23	7	11
52	3	8	17	13	11
52	3	9	28	2	15
52	3	10	28	2	15
52	3	11	24	6	11
52	3	12	24	6	10
52	3	13	27	3	12
52	3	14	17	13	10
52	3	15	24	6	15
52	3	16	14	16	11
52	3	17	26	4	14
52	3	18	16	14	10
52	3	19	24	6	13
52	3	20	17	13	14
53	3	1	14	16	15
53	3	2	12	18	15
53	3	3	20	10	12
53	3	4	14	16	10
53	3	5	15	15	12
53	3	6	14	16	10
53	3	7	17	13	11
53	3	8	16	14	11
53	3	9	16	14	15
53	3	10	20	10	15
53	3	11	14	16	11
53	3	12	18	12	10
53	3	13	16	14	12
53	3	14	17	13	10
53	3	15	18	12	15
53	3	16	15	15	11
53	3	17	19	11	14
53	3	18	16	14	10
53	3	19	18	12	13
53	3	20	17	13	14
54	3	1	18	12	15
54	3	2	18	12	15
54	3	3	16	14	12
54	3	4	20	10	10
54	3	5	19	11	12
54	3	6	19	11	10
54	3	7	18	12	11
54	3	8	19	11	11
54	3	9	17	13	15
54	3	10	20	10	15
54	3	11	23	7	11
54	3	12	22	8	10
54	3	13	19	11	12
54	3	14	20	10	10
54	3	15	19	11	15
54	3	16	20	10	11
54	3	17	19	11	14
54	3	18	19	11	10
54	3	19	17	13	13
54	3	20	19	11	14
55	3	1	16	14	15
55	3	2	12	18	15
55	3	3	12	18	12
55	3	4	16	14	10
55	3	5	13	17	12
55	3	6	15	15	10
55	3	7	16	14	11
55	3	8	17	13	11
55	3	9	15	15	15
55	3	10	17	13	15
55	3	11	28	2	11
55	3	12	22	8	10
55	3	13	21	9	12
55	3	14	15	15	10
55	3	15	18	12	15
55	3	16	17	13	11
55	3	17	20	10	14
55	3	18	17	13	10
55	3	19	18	12	13
55	3	20	20	10	14
56	3	1	23	7	15
56	3	2	16	14	15
56	3	3	22	8	12
56	3	4	19	11	10
56	3	5	20	10	12
56	3	6	24	6	10
56	3	7	21	9	11
56	3	8	24	6	11
56	3	9	25	5	15
56	3	10	25	5	15
56	3	11	25	5	11
56	3	12	26	4	10
56	3	13	26	4	12
56	3	14	25	5	10
56	3	15	22	8	15
56	3	16	23	7	11
56	3	17	26	4	14
56	3	18	26	4	10
56	3	19	22	8	13
56	3	20	20	10	14
57	3	1	17	13	15
57	3	2	19	11	15
57	3	3	16	14	12
57	3	4	12	18	10
57	3	5	14	16	12
57	3	6	14	16	10
57	3	7	16	14	11
57	3	8	16	14	11
57	3	9	20	10	15
57	3	10	20	10	15
57	3	11	16	14	11
57	3	12	20	10	10
57	3	13	21	9	12
57	3	14	18	12	10
57	3	15	18	12	15
57	3	16	14	16	11
57	3	17	19	11	14
57	3	18	14	16	10
57	3	19	17	13	13
57	3	20	19	11	14
58	3	1	23	7	15
58	3	2	15	15	15
58	3	3	20	10	12
58	3	4	14	16	10
58	3	5	17	13	12
58	3	6	18	12	10
58	3	7	28	2	11
58	3	8	21	9	11
58	3	9	27	3	15
58	3	10	25	5	15
58	3	11	18	12	11
58	3	12	30	0	10
58	3	13	19	11	12
58	3	14	14	16	10
58	3	15	19	11	15
58	3	16	17	13	11
58	3	17	17	13	14
58	3	18	14	16	10
58	3	19	20	10	13
58	3	20	18	12	14
59	3	1	19	11	15
59	3	2	14	16	15
59	3	3	19	11	12
59	3	4	15	15	10
59	3	5	20	10	12
59	3	6	18	12	10
59	3	7	20	10	11
59	3	8	20	10	11
59	3	9	28	2	15
59	3	10	22	8	15
59	3	11	16	14	11
59	3	12	20	10	10
59	3	13	18	12	12
59	3	14	15	15	10
59	3	15	18	12	15
59	3	16	14	16	11
59	3	17	16	14	14
59	3	18	12	18	10
59	3	19	21	9	13
59	3	20	10	20	14
60	3	1	17	13	15
60	3	2	15	15	15
60	3	3	20	10	12
60	3	4	19	11	10
60	3	5	17	13	12
60	3	6	20	10	10
60	3	7	13	17	11
60	3	8	16	14	11
60	3	9	16	14	15
60	3	10	21	9	15
60	3	11	19	11	11
60	3	12	25	5	10
60	3	13	18	12	12
60	3	14	12	18	10
60	3	15	20	10	15
60	3	16	16	14	11
60	3	17	6	24	14
60	3	18	17	13	10
60	3	19	18	12	13
60	3	20	14	16	14
61	3	1	20	10	15
61	3	2	12	18	15
61	3	3	12	18	12
61	3	4	15	15	10
61	3	5	10	20	12
61	3	6	14	16	10
61	3	7	15	15	11
61	3	8	16	14	11
61	3	9	12	18	15
61	3	10	16	14	15
61	3	11	12	18	11
61	3	12	15	15	10
61	3	13	14	16	12
61	3	14	14	16	10
61	3	15	17	13	15
61	3	16	13	17	11
61	3	17	14	16	14
61	3	18	12	18	10
61	3	19	12	18	13
61	3	20	11	19	14
62	3	1	21	9	15
62	3	2	22	8	15
62	3	3	16	14	12
62	3	4	14	16	10
62	3	5	15	15	12
62	3	6	15	15	10
62	3	7	14	16	11
62	3	8	19	11	11
62	3	9	14	16	15
62	3	10	18	12	15
62	3	11	15	15	11
62	3	12	18	12	10
62	3	13	18	12	12
62	3	14	20	10	10
62	3	15	14	16	15
62	3	16	14	16	11
62	3	17	15	15	14
62	3	18	16	14	10
62	3	19	22	8	13
62	3	20	24	6	14
63	3	1	14	16	15
63	3	2	19	11	15
63	3	3	18	12	12
63	3	4	15	15	10
63	3	5	17	13	12
63	3	6	19	11	10
63	3	7	16	14	11
63	3	8	13	17	11
63	3	9	11	19	15
63	3	10	11	19	15
63	3	11	16	14	11
63	3	12	11	19	10
63	3	13	12	18	12
63	3	14	13	17	10
63	3	15	12	18	15
63	3	16	15	15	11
63	3	17	13	17	14
63	3	18	16	14	10
63	3	19	16	14	13
63	3	20	19	11	14
64	3	1	20	10	15
64	3	2	17	13	15
64	3	3	20	10	12
64	3	4	18	12	10
64	3	5	19	11	12
64	3	6	18	12	10
64	3	7	19	11	11
64	3	8	20	10	11
64	3	9	20	10	15
64	3	10	20	10	15
64	3	11	16	14	11
64	3	12	23	7	10
64	3	13	15	15	12
64	3	14	18	12	10
64	3	15	15	15	15
64	3	16	24	6	11
64	3	17	17	13	14
64	3	18	15	15	10
64	3	19	15	15	13
64	3	20	17	13	14
65	3	1	19	11	15
65	3	2	22	8	15
65	3	3	19	11	12
65	3	4	20	10	10
65	3	5	16	14	12
65	3	6	16	14	10
65	3	7	15	15	11
65	3	8	16	14	11
65	3	9	17	13	15
65	3	10	20	10	15
65	3	11	20	10	11
65	3	12	20	10	10
65	3	13	19	11	12
65	3	14	19	11	10
65	3	15	19	11	15
65	3	16	20	10	11
65	3	17	14	16	14
65	3	18	19	11	10
65	3	19	16	14	13
65	3	20	13	17	14
66	3	1	25	5	15
66	3	2	10	20	15
66	3	3	14	16	12
66	3	4	19	11	10
66	3	5	21	9	12
66	3	6	19	11	10
66	3	7	13	17	11
66	3	8	21	9	11
66	3	9	14	16	15
66	3	10	20	10	15
66	3	11	12	18	11
66	3	12	22	8	10
66	3	13	20	10	12
66	3	14	11	19	10
66	3	15	18	12	15
66	3	16	10	20	11
66	3	17	20	10	14
66	3	18	10	20	10
66	3	19	20	10	13
66	3	20	11	19	14
67	3	1	17	13	15
67	3	2	16	14	15
67	3	3	18	12	12
67	3	4	15	15	10
67	3	5	18	12	12
67	3	6	16	14	10
67	3	7	19	11	11
67	3	8	14	16	11
67	3	9	15	15	15
67	3	10	18	12	15
67	3	11	15	15	11
67	3	12	18	12	10
67	3	13	13	17	12
67	3	14	16	14	10
67	3	15	21	9	15
67	3	16	13	17	11
67	3	17	15	15	14
67	3	18	22	8	10
67	3	19	16	14	13
67	3	20	15	15	14
68	3	1	16	14	15
68	3	2	15	15	15
68	3	3	19	11	12
68	3	4	23	7	10
68	3	5	18	12	12
68	3	6	24	6	10
68	3	7	15	15	11
68	3	8	23	7	11
68	3	9	18	12	15
68	3	10	19	11	15
68	3	11	19	11	11
68	3	12	15	15	10
68	3	13	21	9	12
68	3	14	19	11	10
68	3	15	20	10	15
68	3	16	15	15	11
68	3	17	23	7	14
68	3	18	23	7	10
68	3	19	20	10	13
68	3	20	15	15	14
69	3	1	16	14	15
69	3	2	12	18	15
69	3	3	17	13	12
69	3	4	14	16	10
69	3	5	19	11	12
69	3	6	20	10	10
69	3	7	13	17	11
69	3	8	16	14	11
69	3	9	18	12	15
69	3	10	20	10	15
69	3	11	20	10	11
69	3	12	22	8	10
69	3	13	19	11	12
69	3	14	20	10	10
69	3	15	18	12	15
69	3	16	19	11	11
69	3	17	20	10	14
69	3	18	13	17	10
69	3	19	15	15	13
69	3	20	15	15	14
70	3	1	18	12	15
70	3	2	12	18	15
70	3	3	18	12	12
70	3	4	14	16	10
70	3	5	16	14	12
70	3	6	16	14	10
70	3	7	16	14	11
70	3	8	14	16	11
70	3	9	16	14	15
70	3	10	16	14	15
70	3	11	18	12	11
70	3	12	18	12	10
70	3	13	14	16	12
70	3	14	18	12	10
70	3	15	16	14	15
70	3	16	16	14	11
70	3	17	17	13	14
70	3	18	17	13	10
70	3	19	18	12	13
70	3	20	16	14	14
71	3	1	18	12	15
71	3	2	15	15	15
71	3	3	25	5	12
71	3	4	13	17	10
71	3	5	20	10	12
71	3	6	17	13	10
71	3	7	18	12	11
71	3	8	20	10	11
71	3	9	22	8	15
71	3	10	22	8	15
71	3	11	21	9	11
71	3	12	19	11	10
71	3	13	22	8	12
71	3	14	18	12	10
71	3	15	22	8	15
71	3	16	19	11	11
71	3	17	18	12	14
71	3	18	18	12	10
71	3	19	19	11	13
71	3	20	18	12	14
72	3	1	16	14	15
72	3	2	16	14	15
72	3	3	15	15	12
72	3	4	11	19	10
72	3	5	15	15	12
72	3	6	14	16	10
72	3	7	14	16	11
72	3	8	13	17	11
72	3	9	12	8	15
72	3	10	16	14	15
72	3	11	14	16	11
72	3	12	15	15	10
72	3	13	11	19	12
72	3	14	16	14	10
72	3	15	14	16	15
72	3	16	13	17	11
72	3	17	14	16	14
72	3	18	14	16	10
72	3	19	12	18	13
72	3	20	14	16	14
73	3	1	13	17	15
73	3	2	12	18	15
73	3	3	15	15	12
73	3	4	16	14	10
73	3	5	17	13	12
73	3	6	19	11	10
73	3	7	14	16	11
73	3	8	18	12	11
73	3	9	15	15	15
73	3	10	13	17	15
73	3	11	17	13	11
73	3	12	13	17	10
73	3	13	15	15	12
73	3	14	16	14	10
73	3	15	18	12	15
73	3	16	15	15	11
73	3	17	19	11	14
73	3	18	13	17	10
73	3	19	18	12	13
73	3	20	19	11	14
74	3	1	19	11	15
74	3	2	18	12	15
74	3	3	21	9	12
74	3	4	20	10	10
74	3	5	20	10	12
74	3	6	18	12	10
74	3	7	21	9	11
74	3	8	16	14	11
74	3	9	18	12	15
74	3	10	20	10	15
74	3	11	20	10	11
74	3	12	13	17	10
74	3	13	2	10	12
74	3	14	19	11	10
74	3	15	19	11	15
74	3	16	19	11	11
74	3	17	20	10	14
74	3	18	18	12	10
74	3	19	20	10	13
74	3	20	17	13	14
75	3	1	25	5	15
75	3	2	18	12	15
75	3	3	19	11	12
75	3	4	16	14	10
75	3	5	17	13	12
75	3	6	14	16	10
75	3	7	13	17	11
75	3	8	20	10	11
75	3	9	23	7	15
75	3	10	23	7	15
75	3	11	19	11	11
75	3	12	18	12	10
75	3	13	20	10	12
75	3	14	21	9	10
75	3	15	21	9	15
75	3	16	20	10	11
75	3	17	16	14	14
75	3	18	12	18	10
75	3	19	20	10	13
75	3	20	19	11	14
76	3	1	19	11	15
76	3	2	14	16	15
76	3	3	11	19	12
76	3	4	19	11	10
76	3	5	18	12	12
76	3	6	16	14	10
76	3	7	10	20	11
76	3	8	18	12	11
76	3	9	18	12	15
76	3	10	10	20	15
76	3	11	19	11	11
76	3	12	20	10	10
76	3	13	12	18	12
76	3	14	19	11	10
76	3	15	15	15	15
76	3	16	18	12	11
76	3	17	11	19	14
76	3	18	10	20	10
76	3	19	12	18	13
76	3	20	17	13	14
77	3	1	26	4	15
77	3	2	18	12	15
77	3	3	23	7	12
77	3	4	19	11	10
77	3	5	20	10	12
77	3	6	19	11	10
77	3	7	16	14	11
77	3	8	16	14	11
77	3	9	12	18	15
77	3	10	20	10	15
77	3	11	14	16	11
77	3	12	20	10	10
77	3	13	16	14	12
77	3	14	21	9	10
77	3	15	13	17	15
77	3	16	17	13	11
77	3	17	18	12	14
77	3	18	20	10	10
77	3	19	19	11	13
77	3	20	14	16	14
78	3	1	17	13	15
78	3	2	18	12	15
78	3	3	11	19	12
78	3	4	16	14	10
78	3	5	13	17	12
78	3	6	17	13	10
78	3	7	15	15	11
78	3	8	10	20	11
78	3	9	17	13	15
78	3	10	10	20	15
78	3	11	12	18	11
78	3	12	17	13	10
78	3	13	14	16	12
78	3	14	13	17	10
78	3	15	14	16	15
78	3	16	16	14	11
78	3	17	14	16	14
78	3	18	11	19	10
78	3	19	17	13	13
78	3	20	18	12	14
79	3	1	12	18	15
79	3	2	16	14	15
79	3	3	16	14	12
79	3	4	14	16	10
79	3	5	13	17	12
79	3	6	14	16	10
79	3	7	14	16	11
79	3	8	12	18	11
79	3	9	16	14	15
79	3	10	14	16	15
79	3	11	13	17	11
79	3	12	17	13	10
79	3	13	15	15	12
79	3	14	18	12	10
79	3	15	16	14	15
79	3	16	16	14	11
79	3	17	13	17	14
79	3	18	15	15	10
79	3	19	17	13	13
79	3	20	15	15	14
80	3	1	16	14	15
80	3	2	17	13	15
80	3	3	14	16	12
80	3	4	12	18	10
80	3	5	14	16	12
80	3	6	13	17	10
80	3	7	14	16	11
80	3	8	16	14	11
80	3	9	15	15	15
80	3	10	13	17	15
80	3	11	13	17	11
80	3	12	17	13	10
80	3	13	14	16	12
80	3	14	11	19	10
80	3	15	15	15	15
80	3	16	17	13	11
80	3	17	12	18	14
80	3	18	10	20	10
80	3	19	15	15	13
80	3	20	10	20	14
81	3	1	18	12	15
81	3	2	24	6	15
81	3	3	16	14	12
81	3	4	23	7	10
81	3	5	17	13	12
81	3	6	24	6	10
81	3	7	16	14	11
81	3	8	18	12	11
81	3	9	15	15	15
81	3	10	18	12	15
81	3	11	18	12	11
81	3	12	17	13	10
81	3	13	19	11	12
81	3	14	24	6	10
81	3	15	16	14	15
81	3	16	20	10	11
81	3	17	16	14	14
81	3	18	23	7	10
81	3	19	14	16	13
81	3	20	18	12	14
82	3	1	19	11	15
82	3	2	19	11	15
82	3	3	20	10	12
82	3	4	25	5	10
82	3	5	18	12	12
82	3	6	26	4	10
82	3	7	17	13	11
82	3	8	16	14	11
82	3	9	18	12	15
82	3	10	20	10	15
82	3	11	19	11	11
82	3	12	13	17	10
82	3	13	20	10	12
82	3	14	20	10	10
82	3	15	18	12	15
82	3	16	17	13	11
82	3	17	20	10	14
82	3	18	14	16	10
82	3	19	20	10	13
82	3	20	18	12	14
83	3	1	20	10	15
83	3	2	19	11	15
83	3	3	17	13	12
83	3	4	17	13	10
83	3	5	24	6	12
83	3	6	18	12	10
83	3	7	15	15	11
83	3	8	20	10	11
83	3	9	22	8	15
83	3	10	20	10	15
83	3	11	15	15	11
83	3	12	19	11	10
83	3	13	21	9	12
83	3	14	16	14	10
83	3	15	25	5	15
83	3	16	18	12	11
83	3	17	19	11	14
83	3	18	19	11	10
83	3	19	21	9	13
83	3	20	20	10	14
84	3	1	20	10	15
84	3	2	22	8	15
84	3	3	20	10	12
84	3	4	20	10	10
84	3	5	14	16	12
84	3	6	17	13	10
84	3	7	17	13	11
84	3	8	18	12	11
84	3	9	20	10	15
84	3	10	20	10	15
84	3	11	17	13	11
84	3	12	18	12	10
84	3	13	20	10	12
84	3	14	18	12	10
84	3	15	18	12	15
84	3	16	21	9	11
84	3	17	20	10	14
84	3	18	17	13	10
84	3	19	21	9	13
84	3	20	20	10	14
85	3	1	14	16	15
85	3	2	19	11	15
85	3	3	23	7	12
85	3	4	23	7	10
85	3	5	16	14	12
85	3	6	18	12	10
85	3	7	26	4	11
85	3	8	15	15	11
85	3	9	16	14	15
85	3	10	18	12	15
85	3	11	18	12	11
85	3	12	26	4	10
85	3	13	19	11	12
85	3	14	18	12	10
85	3	15	17	13	15
85	3	16	25	5	11
85	3	17	17	13	14
85	3	18	24	6	10
85	3	19	20	10	13
85	3	20	16	14	14
86	3	1	22	8	15
86	3	2	26	4	15
86	3	3	23	7	12
86	3	4	18	12	10
86	3	5	17	13	12
86	3	6	25	5	10
86	3	7	18	12	11
86	3	8	22	8	11
86	3	9	18	12	15
86	3	10	27	3	15
86	3	11	23	7	11
86	3	12	21	9	10
86	3	13	22	8	12
86	3	14	22	8	10
86	3	15	21	9	15
86	3	16	22	8	11
86	3	17	29	1	14
86	3	18	22	8	10
86	3	19	21	9	13
86	3	20	26	4	14
87	3	1	18	12	15
87	3	2	17	13	15
87	3	3	20	10	12
87	3	4	17	13	10
87	3	5	21	9	12
87	3	6	15	15	10
87	3	7	15	15	11
87	3	8	17	13	11
87	3	9	16	14	15
87	3	10	20	10	15
87	3	11	21	9	11
87	3	12	18	12	10
87	3	13	21	9	12
87	3	14	20	10	10
87	3	15	19	11	15
87	3	16	19	11	11
87	3	17	19	11	14
87	3	18	20	10	10
87	3	19	17	13	13
87	3	20	19	11	14
88	3	1	18	12	15
88	3	2	21	9	15
88	3	3	19	11	12
88	3	4	19	11	10
88	3	5	21	9	12
88	3	6	17	13	10
88	3	7	21	9	11
88	3	8	21	9	11
88	3	9	24	6	15
88	3	10	21	9	15
88	3	11	24	1	11
88	3	12	20	10	10
88	3	13	21	9	12
88	3	14	20	10	10
88	3	15	21	9	15
88	3	16	21	9	11
88	3	17	20	10	14
88	3	18	21	9	10
88	3	19	24	6	13
88	3	20	18	12	14
89	3	1	20	10	15
89	3	2	18	12	15
89	3	3	21	9	12
89	3	4	19	11	10
89	3	5	18	12	12
89	3	6	16	14	10
89	3	7	19	11	11
89	3	8	17	13	11
89	3	9	20	10	15
89	3	10	21	9	15
89	3	11	17	13	11
89	3	12	19	11	10
89	3	13	21	9	12
89	3	14	16	14	10
89	3	15	14	16	15
89	3	16	13	17	11
89	3	17	18	12	14
89	3	18	16	14	10
89	3	19	15	15	13
89	3	20	15	15	14
90	3	1	17	13	15
90	3	2	16	14	15
90	3	3	22	8	12
90	3	4	14	16	10
90	3	5	16	14	12
90	3	6	15	15	10
90	3	7	13	17	11
90	3	8	18	12	11
90	3	9	20	10	15
90	3	10	22	8	15
90	3	11	20	10	11
90	3	12	19	11	10
90	3	13	20	10	12
90	3	14	24	6	10
90	3	15	21	9	15
90	3	16	16	14	11
90	3	17	21	9	14
90	3	18	20	10	10
90	3	19	20	10	13
90	3	20	19	11	14
91	3	1	24	6	15
91	3	2	18	12	15
91	3	3	21	9	12
91	3	4	16	14	10
91	3	5	18	12	12
91	3	6	18	12	10
91	3	7	15	15	11
91	3	8	21	9	11
91	3	9	19	11	15
91	3	10	22	8	15
91	3	11	22	8	11
91	3	12	22	8	10
91	3	13	22	8	12
91	3	14	18	12	10
91	3	15	21	9	15
91	3	16	24	6	11
91	3	17	19	11	14
91	3	18	16	14	10
91	3	19	18	12	13
91	3	20	15	15	14
92	3	1	16	14	15
92	3	2	12	18	15
92	3	3	17	13	12
92	3	4	22	8	10
92	3	5	14	16	12
92	3	6	19	11	10
92	3	7	13	17	11
92	3	8	15	15	11
92	3	9	15	15	15
92	3	10	17	13	15
92	3	11	16	14	11
92	3	12	14	16	10
92	3	13	22	8	12
92	3	14	14	16	10
92	3	15	13	17	15
92	3	16	15	15	11
92	3	17	17	13	14
92	3	18	22	8	10
92	3	19	13	17	13
92	3	20	12	18	14
93	3	1	20	10	15
93	3	2	12	18	15
93	3	3	14	16	12
93	3	4	13	17	10
93	3	5	16	14	12
93	3	6	9	21	10
93	3	7	13	17	11
93	3	8	12	18	11
93	3	9	15	15	15
93	3	10	20	10	15
93	3	11	18	12	11
93	3	12	12	18	10
93	3	13	13	17	12
93	3	14	12	18	10
93	3	15	19	11	15
93	3	16	13	17	11
93	3	17	19	11	14
93	3	18	12	18	10
93	3	19	15	15	13
93	3	20	10	20	14
94	3	1	19	11	15
94	3	2	16	14	15
94	3	3	16	14	12
94	3	4	22	8	10
94	3	5	14	16	12
94	3	6	18	12	10
94	3	7	17	13	11
94	3	8	20	10	11
94	3	9	20	10	15
94	3	10	22	8	15
94	3	11	17	13	11
94	3	12	21	9	10
94	3	13	17	13	12
94	3	14	19	11	10
94	3	15	24	6	15
94	3	16	21	9	11
94	3	17	18	12	14
94	3	18	21	9	10
94	3	19	18	12	13
94	3	20	16	14	14
95	3	1	30	0	15
95	3	2	18	12	15
95	3	3	23	7	12
95	3	4	21	9	10
95	3	5	21	9	12
95	3	6	18	12	10
95	3	7	22	8	11
95	3	8	28	2	11
95	3	9	22	8	15
95	3	10	28	2	15
95	3	11	17	13	11
95	3	12	18	12	10
95	3	13	14	16	12
95	3	14	18	12	10
95	3	15	23	7	15
95	3	16	19	11	11
95	3	17	19	11	14
95	3	18	18	12	10
95	3	19	16	14	13
95	3	20	19	11	14
96	3	1	28	2	15
96	3	2	21	9	15
96	3	3	16	14	12
96	3	4	23	7	10
96	3	5	17	13	12
96	3	6	16	14	10
96	3	7	18	12	11
96	3	8	25	5	11
96	3	9	17	13	15
96	3	10	20	10	15
96	3	11	16	14	11
96	3	12	21	9	10
96	3	13	16	14	12
96	3	14	19	11	10
96	3	15	19	11	15
96	3	16	18	12	11
96	3	17	19	11	14
96	3	18	18	12	10
96	3	19	15	15	13
96	3	20	19	11	14
97	3	1	30	0	15
97	3	2	28	2	15
97	3	3	23	7	12
97	3	4	23	7	10
97	3	5	20	10	12
97	3	6	11	19	10
97	3	7	20	10	11
97	3	8	28	2	11
97	3	9	21	9	15
97	3	10	27	3	15
97	3	11	23	7	11
97	3	12	18	12	10
97	3	13	21	9	12
97	3	14	23	7	10
97	3	15	23	7	15
97	3	16	18	12	11
97	3	17	22	8	14
97	3	18	20	10	10
97	3	19	23	7	13
97	3	20	17	13	14
98	3	1	30	0	15
98	3	2	22	8	15
98	3	3	26	4	12
98	3	4	22	8	10
98	3	5	19	11	12
98	3	6	17	13	10
98	3	7	18	12	11
98	3	8	20	10	11
98	3	9	25	5	15
98	3	10	25	5	15
98	3	11	21	9	11
98	3	12	20	10	10
98	3	13	22	8	12
98	3	14	26	4	10
98	3	15	22	8	15
98	3	16	22	8	11
98	3	17	21	9	14
98	3	18	20	10	10
98	3	19	22	8	13
98	3	20	18	12	14
99	3	1	19	11	15
99	3	2	18	12	15
99	3	3	17	13	12
99	3	4	12	18	10
99	3	5	11	19	12
99	3	6	14	16	10
99	3	7	11	19	11
99	3	8	15	15	11
99	3	9	13	17	15
99	3	10	19	11	15
99	3	11	19	11	11
99	3	12	13	17	10
99	3	13	11	19	12
99	3	14	18	12	10
99	3	15	15	15	15
99	3	16	17	13	11
99	3	17	17	13	14
99	3	18	13	17	10
99	3	19	16	14	13
99	3	20	16	14	14
100	4	1	20	10	15
100	4	2	20	10	15
100	4	3	11	19	12
100	4	4	16	14	10
100	4	5	15	15	12
100	4	6	12	18	10
100	4	7	17	13	11
100	4	8	16	14	11
100	4	9	11	19	15
100	4	10	12	18	15
100	4	11	12	18	11
100	4	12	13	17	10
100	4	13	14	16	12
100	4	14	14	16	10
100	4	15	10	20	15
100	4	16	14	16	11
100	4	17	14	16	14
100	4	18	14	16	10
100	4	19	15	15	13
100	4	20	12	18	14
101	3	1	11	19	15
101	3	2	16	14	15
101	3	3	17	13	12
101	3	4	16	14	10
101	3	5	14	16	12
101	3	6	12	18	10
101	3	7	12	18	11
101	3	8	11	19	11
101	3	9	17	13	15
101	3	10	21	9	15
101	3	11	15	15	11
101	3	12	13	17	10
101	3	13	11	19	12
101	3	14	15	15	10
101	3	15	17	13	15
101	3	16	15	15	11
101	3	17	11	19	14
101	3	18	17	13	10
101	3	19	16	14	13
101	3	20	14	16	14
102	3	1	19	11	15
102	3	2	15	15	15
102	3	3	18	12	12
102	3	4	21	9	10
102	3	5	16	14	12
102	3	6	25	5	10
102	3	7	20	10	11
102	3	8	25	5	11
102	3	9	23	7	15
102	3	10	25	5	15
102	3	11	22	8	11
102	3	12	25	5	10
102	3	13	26	4	12
102	3	14	26	4	10
102	3	15	25	5	15
102	3	16	29	1	11
102	3	17	21	9	14
102	3	18	30	0	10
102	3	19	22	8	13
102	3	20	26	4	14
103	3	1	24	6	15
103	3	2	18	12	15
103	3	3	21	9	12
103	3	4	20	10	10
103	3	5	19	11	12
103	3	6	17	13	10
103	3	7	20	10	11
103	3	8	22	8	11
103	3	9	20	10	15
103	3	10	25	5	15
103	3	11	25	5	11
103	3	12	20	10	10
103	3	13	23	7	12
103	3	14	20	10	10
103	3	15	21	9	15
103	3	16	26	4	11
103	3	17	22	8	14
103	3	18	20	10	10
103	3	19	22	8	13
103	3	20	21	9	14
104	3	1	30	0	15
104	3	2	21	9	15
104	3	3	24	6	12
104	3	4	16	14	10
104	3	5	20	10	12
104	3	6	13	17	10
104	3	7	18	12	11
104	3	8	19	11	11
104	3	9	25	5	15
104	3	10	24	6	15
104	3	11	22	8	11
104	3	12	19	11	10
104	3	13	21	9	12
104	3	14	17	13	10
104	3	15	25	5	15
104	3	16	19	11	11
104	3	17	26	4	14
104	3	18	16	14	10
104	3	19	22	8	13
104	3	20	20	10	14
105	3	1	20	10	15
105	3	2	20	10	15
105	3	3	11	19	12
105	3	4	13	17	10
105	3	5	10	20	12
105	3	6	13	17	10
105	3	7	11	19	11
105	3	8	20	10	11
105	3	9	10	20	15
105	3	10	15	15	15
105	3	11	20	10	11
105	3	12	13	17	10
105	3	13	18	12	12
105	3	14	12	18	10
105	3	15	11	19	15
105	3	16	10	20	11
105	3	17	12	18	14
105	3	18	15	15	10
105	3	19	11	19	13
105	3	20	11	19	14
106	3	1	15	15	15
106	3	2	14	16	15
106	3	3	21	9	12
106	3	4	17	13	10
106	3	5	16	14	12
106	3	6	14	16	10
106	3	7	13	17	11
106	3	8	19	11	11
106	3	9	19	11	15
106	3	10	10	20	15
106	3	11	18	12	11
106	3	12	19	11	10
106	3	13	17	13	12
106	3	14	17	13	10
106	3	15	22	8	15
106	3	16	22	8	11
106	3	17	20	10	14
106	3	18	15	15	10
106	3	19	19	11	13
106	3	20	16	14	14
107	3	1	29	1	15
107	3	2	28	2	15
107	3	3	27	3	12
107	3	4	26	4	10
107	3	5	23	7	12
107	3	6	27	3	10
107	3	7	21	9	11
107	3	8	29	1	11
107	3	9	23	7	15
107	3	10	29	1	15
107	3	11	25	5	11
107	3	12	23	7	10
107	3	13	24	6	12
107	3	14	25	5	10
107	3	15	23	7	15
107	3	16	27	3	11
107	3	17	23	7	14
107	3	18	22	8	10
107	3	19	23	7	13
107	3	20	20	10	14
108	3	1	20	10	15
108	3	2	21	9	15
108	3	3	26	4	12
108	3	4	15	15	10
108	3	5	15	15	12
108	3	6	20	10	10
108	3	7	21	9	11
108	3	8	20	10	11
108	3	9	24	6	15
108	3	10	20	10	15
108	3	11	20	10	11
108	3	12	16	14	10
108	3	13	20	10	12
108	3	14	18	12	10
108	3	15	18	12	15
108	3	16	19	11	11
108	3	17	23	7	14
108	3	18	16	14	10
108	3	19	17	13	13
108	3	20	23	7	14
109	3	1	19	11	15
109	3	2	10	20	15
109	3	3	12	18	12
109	3	4	14	16	10
109	3	5	13	17	12
109	3	6	11	19	10
109	3	7	19	11	11
109	3	8	10	20	11
109	3	9	18	12	15
109	3	10	10	20	15
109	3	11	11	19	11
109	3	12	14	16	10
109	3	13	13	17	12
109	3	14	17	13	10
109	3	15	12	18	15
109	3	16	16	14	11
109	3	17	13	17	14
109	3	18	15	15	10
109	3	19	16	14	13
109	3	20	12	18	14
110	4	1	28	2	15
110	4	2	19	11	15
110	4	3	14	16	12
110	4	4	13	17	10
110	4	5	17	13	12
110	4	6	15	15	10
110	4	7	15	15	11
110	4	8	17	13	11
110	4	9	17	13	15
110	4	10	26	4	15
110	4	11	22	8	11
110	4	12	18	12	10
110	4	13	18	12	12
110	4	14	19	11	10
110	4	15	19	11	15
110	4	16	13	17	11
110	4	17	17	13	14
110	4	18	17	13	10
110	4	19	19	11	13
110	4	20	13	17	14
111	3	1	15	15	15
111	3	2	12	18	15
111	3	3	10	20	12
111	3	4	10	20	10
111	3	5	10	20	12
111	3	6	11	19	10
111	3	7	14	16	11
111	3	8	10	20	11
111	3	9	12	18	15
111	3	10	18	12	15
111	3	11	15	15	11
111	3	12	13	17	10
111	3	13	17	13	12
111	3	14	11	19	10
111	3	15	18	12	15
111	3	16	13	17	11
111	3	17	17	13	14
111	3	18	17	13	10
111	3	19	16	14	13
111	3	20	12	18	14
112	3	1	18	12	15
112	3	2	17	13	15
112	3	3	18	12	12
112	3	4	21	9	10
112	3	5	19	11	12
112	3	6	18	12	10
112	3	7	16	14	11
112	3	8	22	8	11
112	3	9	25	5	15
112	3	10	21	9	15
112	3	11	20	10	11
112	3	12	16	14	10
112	3	13	17	13	12
112	3	14	18	12	10
112	3	15	23	7	15
112	3	16	22	8	11
112	3	17	19	11	14
112	3	18	16	14	10
112	3	19	21	9	13
112	3	20	15	15	14
113	3	1	24	6	15
113	3	2	17	13	15
113	3	3	20	10	12
113	3	4	20	10	10
113	3	5	19	11	12
113	3	6	17	13	10
113	3	7	15	15	11
113	3	8	20	10	11
113	3	9	22	8	15
113	3	10	20	10	15
113	3	11	23	7	11
113	3	12	20	10	10
113	3	13	17	13	12
113	3	14	17	13	10
113	3	15	25	5	15
113	3	16	26	4	11
113	3	17	25	5	14
113	3	18	21	9	10
113	3	19	24	6	13
113	3	20	17	13	14
114	3	1	20	10	15
114	3	2	20	10	15
114	3	3	12	18	12
114	3	4	17	13	10
114	3	5	20	10	12
114	3	6	20	10	10
114	3	7	10	20	11
114	3	8	20	10	11
114	3	9	25	5	15
114	3	10	17	13	15
114	3	11	10	20	11
114	3	12	14	16	10
114	3	13	20	10	12
114	3	14	20	10	10
114	3	15	15	15	15
114	3	16	14	16	11
114	3	17	15	15	14
114	3	18	19	11	10
114	3	19	17	13	13
114	3	20	22	8	14
115	3	1	25	5	15
115	3	2	16	14	15
115	3	3	17	13	12
115	3	4	16	14	10
115	3	5	13	17	12
115	3	6	16	14	10
115	3	7	22	8	11
115	3	8	18	12	11
115	3	9	15	15	15
115	3	10	24	6	15
115	3	11	16	14	11
115	3	12	15	15	10
115	3	13	15	15	12
115	3	14	16	14	10
115	3	15	19	11	15
115	3	16	19	11	11
115	3	17	17	13	14
115	3	18	14	16	10
115	3	19	15	15	13
115	3	20	17	13	14
116	3	1	25	5	15
116	3	2	13	17	15
116	3	3	20	10	12
116	3	4	10	20	10
116	3	5	22	8	12
116	3	6	12	18	10
116	3	7	11	19	11
116	3	8	28	2	11
116	3	9	21	9	15
116	3	10	19	11	15
116	3	11	18	12	11
116	3	12	14	16	10
116	3	13	20	10	12
116	3	14	23	7	10
116	3	15	20	10	15
116	3	16	17	13	11
116	3	17	17	13	14
116	3	18	18	12	10
116	3	19	18	12	13
116	3	20	14	16	14
117	3	1	15	15	15
117	3	2	13	17	15
117	3	3	16	14	12
117	3	4	14	16	10
117	3	5	16	14	12
117	3	6	13	17	10
117	3	7	15	15	11
117	3	8	16	14	11
117	3	9	18	12	15
117	3	10	20	10	15
117	3	11	18	12	11
117	3	12	16	14	10
117	3	13	15	15	12
117	3	14	12	18	10
117	3	15	19	11	15
117	3	16	16	14	11
117	3	17	17	13	14
117	3	18	16	14	10
117	3	19	16	14	13
117	3	20	15	15	14
118	3	1	15	15	15
118	3	2	10	20	15
118	3	3	20	10	12
118	3	4	22	8	10
118	3	5	20	10	12
118	3	6	19	11	10
118	3	7	20	10	11
118	3	8	21	9	11
118	3	9	21	9	15
118	3	10	22	8	15
118	3	11	26	4	11
118	3	12	23	7	10
118	3	13	17	13	12
118	3	14	24	6	10
118	3	15	23	7	15
118	3	16	23	7	11
118	3	17	21	9	14
118	3	18	21	9	10
118	3	19	18	12	13
118	3	20	25	5	14
119	3	1	15	15	15
119	3	2	13	17	15
119	3	3	10	20	12
119	3	4	17	13	10
119	3	5	13	17	12
119	3	6	16	14	10
119	3	7	15	15	11
119	3	8	16	14	11
119	3	9	12	18	15
119	3	10	21	9	15
119	3	11	11	19	11
119	3	12	15	15	10
119	3	13	15	15	12
119	3	14	13	17	10
119	3	15	11	19	15
119	3	16	16	14	11
119	3	17	12	18	14
119	3	18	14	16	10
119	3	19	16	14	13
119	3	20	15	15	14
120	3	1	21	9	15
120	3	2	18	12	15
120	3	3	25	5	12
120	3	4	22	8	10
120	3	5	24	6	12
120	3	6	15	15	10
120	3	7	21	9	11
120	3	8	23	7	11
120	3	9	18	12	15
120	3	10	25	5	15
120	3	11	19	11	11
120	3	12	12	18	10
120	3	13	23	7	12
120	3	14	18	12	10
120	3	15	19	11	15
120	3	16	14	16	11
120	3	17	20	10	14
120	3	18	13	17	10
120	3	19	18	12	13
120	3	20	14	16	14
121	3	1	14	16	15
121	3	2	18	12	15
121	3	3	16	14	12
121	3	4	16	4	10
121	3	5	17	13	12
121	3	6	19	11	10
121	3	7	16	14	11
121	3	8	20	10	11
121	3	9	16	14	15
121	3	10	20	10	15
121	3	11	19	11	11
121	3	12	18	12	10
121	3	13	16	14	12
121	3	14	20	10	10
121	3	15	20	10	15
121	3	16	18	12	11
121	3	17	17	13	14
121	3	18	20	10	10
121	3	19	12	18	13
121	3	20	16	14	14
122	3	1	25	5	15
122	3	2	22	8	15
122	3	3	25	5	12
122	3	4	22	8	10
122	3	5	18	12	12
122	3	6	28	2	10
122	3	7	24	6	11
122	3	8	28	2	11
122	3	9	28	2	15
122	3	10	25	5	15
122	3	11	23	7	11
122	3	12	27	3	10
122	3	13	29	1	12
122	3	14	25	5	10
122	3	15	24	6	15
122	3	16	20	10	11
122	3	17	17	13	14
122	3	18	19	11	10
122	3	19	20	10	13
122	3	20	19	11	14
123	3	1	18	12	15
123	3	2	15	15	15
123	3	3	16	14	12
123	3	4	17	13	10
123	3	5	15	15	12
123	3	6	18	12	10
123	3	7	15	15	11
123	3	8	19	11	11
123	3	9	19	11	15
123	3	10	20	10	15
123	3	11	20	10	11
123	3	12	18	12	10
123	3	13	18	12	12
123	3	14	18	12	10
123	3	15	17	13	15
123	3	16	17	13	11
123	3	17	22	8	14
123	3	18	19	11	10
123	3	19	20	10	13
123	3	20	16	14	14
124	3	1	10	20	15
124	3	2	13	17	15
124	3	3	18	12	12
124	3	4	14	16	10
124	3	5	18	12	12
124	3	6	20	10	10
124	3	7	16	14	11
124	3	8	15	15	11
124	3	9	16	14	15
124	3	10	20	10	15
124	3	11	18	12	11
124	3	12	19	11	10
124	3	13	17	13	12
124	3	14	17	13	10
124	3	15	15	15	15
124	3	16	16	14	11
124	3	17	18	12	14
124	3	18	19	11	10
124	3	19	18	12	13
124	3	20	16	14	14
125	3	1	25	5	15
125	3	2	10	20	15
125	3	3	18	12	12
125	3	4	24	6	10
125	3	5	15	15	12
125	3	6	18	12	10
125	3	7	21	9	11
125	3	8	24	6	11
125	3	9	20	10	15
125	3	10	24	6	15
125	3	11	23	7	11
125	3	12	19	11	10
125	3	13	15	15	12
125	3	14	11	19	10
125	3	15	17	13	15
125	3	16	14	16	11
125	3	17	16	14	14
125	3	18	13	17	10
125	3	19	15	15	13
125	3	20	21	9	14
126	3	1	23	7	15
126	3	2	20	10	15
126	3	3	20	10	12
126	3	4	13	17	10
126	3	5	18	12	12
126	3	6	19	11	10
126	3	7	17	13	11
126	3	8	17	13	11
126	3	9	18	12	15
126	3	10	20	10	15
126	3	11	24	6	11
126	3	12	24	6	10
126	3	13	24	6	12
126	3	14	18	12	10
126	3	15	22	8	15
126	3	16	18	12	11
126	3	17	19	11	14
126	3	18	26	4	10
126	3	19	23	7	13
126	3	20	19	11	14
127	3	1	15	15	15
127	3	2	8	22	15
127	3	3	18	12	12
127	3	4	13	17	10
127	3	5	15	15	12
127	3	6	11	19	10
127	3	7	15	15	11
127	3	8	13	17	11
127	3	9	15	15	15
127	3	10	18	12	15
127	3	11	20	10	11
127	3	12	20	10	10
127	3	13	16	14	12
127	3	14	19	11	10
127	3	15	19	11	15
127	3	16	17	13	11
127	3	17	17	13	14
127	3	18	12	18	10
127	3	19	15	15	13
127	3	20	20	10	14
128	3	1	22	8	15
128	3	2	13	17	15
128	3	3	20	10	12
128	3	4	16	14	10
128	3	5	22	8	12
128	3	6	24	6	10
128	3	7	16	14	11
128	3	8	21	9	11
128	3	9	20	10	15
128	3	10	20	10	15
128	3	11	20	10	11
128	3	12	23	7	10
128	3	13	23	7	12
128	3	14	19	11	10
128	3	15	21	9	15
128	3	16	18	1	11
128	3	17	19	11	14
128	3	18	22	8	10
128	3	19	16	14	13
128	3	20	21	9	14
129	3	1	19	11	15
129	3	2	24	6	15
129	3	3	21	9	12
129	3	4	16	14	10
129	3	5	17	13	12
129	3	6	17	13	10
129	3	7	14	16	11
129	3	8	17	13	11
129	3	9	20	10	15
129	3	10	10	20	15
129	3	11	20	10	11
129	3	12	21	9	10
129	3	13	18	12	12
129	3	14	17	13	10
129	3	15	16	14	15
129	3	16	20	10	11
129	3	17	16	14	14
129	3	18	20	10	10
129	3	19	24	6	13
129	3	20	22	8	14
130	3	1	20	10	15
130	3	2	16	14	15
130	3	3	19	11	12
130	3	4	16	14	10
130	3	5	15	15	12
130	3	6	15	15	10
130	3	7	17	13	11
130	3	8	17	13	11
130	3	9	20	10	15
130	3	10	20	10	15
130	3	11	23	7	11
130	3	12	22	8	10
130	3	13	22	8	12
130	3	14	18	12	10
130	3	15	19	11	15
130	3	16	22	8	11
130	3	17	19	11	14
130	3	18	22	8	10
130	3	19	23	7	13
130	3	20	17	13	14
131	3	1	26	4	15
131	3	2	16	14	15
131	3	3	17	13	12
131	3	4	18	12	10
131	3	5	19	11	12
131	3	6	19	11	10
131	3	7	19	11	11
131	3	8	24	6	11
131	3	9	22	8	15
131	3	10	22	8	15
131	3	11	22	8	11
131	3	12	26	4	10
131	3	13	25	5	12
131	3	14	24	6	10
131	3	15	20	10	15
131	3	16	21	9	11
131	3	17	26	4	14
131	3	18	28	2	10
131	3	19	18	12	13
131	3	20	23	7	14
132	3	1	15	15	15
132	3	2	20	10	15
132	3	3	15	15	12
132	3	4	17	13	10
132	3	5	13	17	12
132	3	6	20	10	10
132	3	7	19	11	11
132	3	8	8	22	11
132	3	9	13	17	15
132	3	10	20	10	15
132	3	11	20	10	11
132	3	12	17	13	10
132	3	13	16	14	12
132	3	14	19	11	10
132	3	15	21	9	15
132	3	16	20	10	11
132	3	17	23	7	14
132	3	18	22	8	10
132	3	19	19	11	13
132	3	20	21	9	14
133	3	1	21	9	15
133	3	2	18	12	15
133	3	3	20	10	12
133	3	4	16	14	10
133	3	5	24	6	12
133	3	6	22	8	10
133	3	7	20	10	11
133	3	8	19	11	11
133	3	9	22	8	15
133	3	10	24	6	15
133	3	11	19	11	11
133	3	12	21	9	10
133	3	13	24	6	12
133	3	14	17	13	10
133	3	15	24	6	15
133	3	16	21	9	11
133	3	17	27	3	14
133	3	18	25	5	10
133	3	19	21	9	13
133	3	20	25	5	14
134	3	1	14	16	15
134	3	2	18	12	15
134	3	3	18	12	12
134	3	4	18	12	10
134	3	5	18	12	12
134	3	6	17	13	10
134	3	7	20	10	11
134	3	8	25	5	11
134	3	9	16	14	15
134	3	10	25	5	15
134	3	11	26	4	11
134	3	12	26	4	10
134	3	13	22	8	12
134	3	14	22	8	10
134	3	15	24	6	15
134	3	16	21	9	11
134	3	17	21	9	14
134	3	18	24	6	10
134	3	19	20	10	13
134	3	20	19	11	14
135	3	1	16	14	15
135	3	2	18	12	15
135	3	3	6	24	12
135	3	4	10	20	10
135	3	5	12	18	12
135	3	6	9	21	10
135	3	7	11	19	11
135	3	8	16	14	11
135	3	9	15	15	15
135	3	10	20	10	15
135	3	11	19	11	11
135	3	12	17	13	10
135	3	13	18	12	12
135	3	14	19	11	10
135	3	15	18	12	15
135	3	16	19	11	11
135	3	17	17	13	14
135	3	18	21	9	10
135	3	19	16	14	13
135	3	20	16	14	14
136	3	1	21	9	15
136	3	2	15	15	15
136	3	3	17	13	12
136	3	4	15	15	10
136	3	5	19	11	12
136	3	6	21	9	10
136	3	7	21	9	11
136	3	8	22	8	11
136	3	9	22	8	15
136	3	10	22	8	15
136	3	11	15	15	11
136	3	12	15	15	10
136	3	13	14	16	12
136	3	14	16	14	10
136	3	15	15	15	15
136	3	16	16	14	11
136	3	17	13	17	14
136	3	18	18	12	10
136	3	19	15	15	13
136	3	20	17	13	14
137	3	1	16	14	15
137	3	2	15	15	15
137	3	3	19	11	12
137	3	4	13	17	10
137	3	5	17	13	12
137	3	6	14	16	10
137	3	7	17	13	11
137	3	8	16	14	11
137	3	9	14	16	15
137	3	10	19	11	15
137	3	11	18	12	11
137	3	12	18	12	10
137	3	13	19	11	12
137	3	14	15	15	10
137	3	15	17	13	15
137	3	16	17	13	11
137	3	17	18	12	14
137	3	18	16	14	10
137	3	19	17	13	13
137	3	20	15	15	14
138	3	1	18	12	15
138	3	2	21	9	15
138	3	3	25	5	12
138	3	4	22	8	10
138	3	5	20	10	12
138	3	6	27	3	10
138	3	7	15	15	11
138	3	8	23	7	11
138	3	9	17	13	15
138	3	10	25	5	15
138	3	11	23	7	11
138	3	12	28	2	10
138	3	13	23	7	12
138	3	14	22	8	10
138	3	15	23	8	15
138	3	16	24	6	11
138	3	17	23	7	14
138	3	18	25	5	10
138	3	19	21	9	13
138	3	20	21	9	14
139	3	1	20	10	15
139	3	2	19	11	15
139	3	3	21	9	12
139	3	4	14	16	10
139	3	5	19	11	12
139	3	6	17	13	10
139	3	7	21	9	11
139	3	8	14	16	11
139	3	9	13	17	15
139	3	10	21	9	15
139	3	11	20	10	11
139	3	12	20	10	10
139	3	13	20	10	12
139	3	14	16	14	10
139	3	15	19	11	15
139	3	16	18	12	11
139	3	17	19	11	14
139	3	18	18	12	10
139	3	19	20	10	13
139	3	20	20	10	14
140	3	1	30	0	15
140	3	2	26	4	15
140	3	3	19	11	12
140	3	4	29	1	10
140	3	5	29	1	12
140	3	6	29	1	10
140	3	7	25	5	11
140	3	8	30	0	11
140	3	9	30	0	15
140	3	10	28	2	15
140	3	11	29	1	11
140	3	12	28	2	10
140	3	13	30	0	12
140	3	14	27	3	10
140	3	15	24	6	15
140	3	16	28	2	11
140	3	17	28	2	14
140	3	18	29	1	10
140	3	19	30	0	13
140	3	20	28	5	14
141	3	1	11	19	15
141	3	2	13	17	15
141	3	3	10	20	12
141	3	4	15	15	10
141	3	5	14	16	12
141	3	6	12	18	10
141	3	7	8	22	11
141	3	8	17	13	11
141	3	9	6	24	15
141	3	10	15	15	15
141	3	11	12	18	11
141	3	12	13	17	10
141	3	13	13	17	12
141	3	14	10	20	10
141	3	15	9	21	15
141	3	16	17	13	11
141	3	17	11	19	14
141	3	18	18	12	10
141	3	19	10	20	13
141	3	20	10	20	14
142	3	1	20	10	15
142	3	2	11	19	15
142	3	3	14	16	12
142	3	4	11	19	10
142	3	5	19	11	12
142	3	6	9	21	10
142	3	7	15	15	11
142	3	8	14	16	11
142	3	9	14	16	15
142	3	10	20	10	15
142	3	11	19	11	11
142	3	12	18	12	10
142	3	13	14	16	12
142	3	14	14	16	10
142	3	15	16	14	15
142	3	16	15	15	11
142	3	17	23	7	14
142	3	18	20	10	10
142	3	19	20	10	13
142	3	20	18	12	14
143	3	1	22	8	15
143	3	2	13	17	15
143	3	3	18	12	12
143	3	4	18	12	10
143	3	5	18	12	12
143	3	6	20	10	10
143	3	7	16	14	11
143	3	8	19	11	11
143	3	9	18	12	15
143	3	10	20	10	15
143	3	11	26	4	11
143	3	12	28	2	10
143	3	13	28	2	12
143	3	14	23	7	10
143	3	15	23	7	15
143	3	16	17	13	11
143	3	17	23	7	14
143	3	18	20	10	10
143	3	19	20	10	13
143	3	20	21	9	14
144	3	1	20	10	15
144	3	2	13	17	15
144	3	3	15	15	12
144	3	4	18	12	10
144	3	5	18	12	12
144	3	6	25	5	10
144	3	7	17	13	11
144	3	8	24	6	11
144	3	9	17	13	15
144	3	10	24	6	15
144	3	11	23	7	11
144	3	12	22	8	10
144	3	13	22	8	12
144	3	14	21	9	10
144	3	15	22	8	15
144	3	16	13	7	11
144	3	17	18	12	14
144	3	18	19	11	10
144	3	19	20	10	13
144	3	20	20	10	14
145	3	1	23	7	15
145	3	2	20	10	15
145	3	3	23	7	12
145	3	4	21	9	10
145	3	5	23	7	12
145	3	6	21	9	10
145	3	7	21	9	11
145	3	8	25	5	11
145	3	9	22	8	15
145	3	10	27	3	15
145	3	11	27	3	11
145	3	12	27	3	10
145	3	13	24	6	12
145	3	14	21	9	10
145	3	15	24	6	15
145	3	16	23	7	11
145	3	17	23	7	14
145	3	18	24	6	10
145	3	19	25	5	13
145	3	20	24	6	14
146	3	1	22	8	15
146	3	2	20	10	15
146	3	3	22	8	12
146	3	4	19	11	10
146	3	5	21	9	12
146	3	6	21	9	10
146	3	7	18	12	11
146	3	8	19	11	11
146	3	9	17	13	15
146	3	10	22	8	15
146	3	11	26	4	11
146	3	12	22	8	10
146	3	13	22	8	12
146	3	14	17	13	10
146	3	15	17	13	15
146	3	16	20	10	11
146	3	17	17	13	14
146	3	18	19	11	10
146	3	19	21	9	13
146	3	20	16	14	14
147	3	1	10	20	15
147	3	2	12	18	15
147	3	3	11	19	12
147	3	4	11	19	10
147	3	5	16	14	12
147	3	6	20	10	10
147	3	7	14	16	11
147	3	8	18	12	11
147	3	9	12	18	15
147	3	10	20	10	15
147	3	11	17	13	11
147	3	12	21	9	10
147	3	13	18	12	12
147	3	14	18	12	10
147	3	15	16	14	15
147	3	16	16	14	11
147	3	17	21	9	14
147	3	18	21	9	10
147	3	19	19	11	13
147	3	20	17	13	14
148	3	1	16	14	15
148	3	2	18	12	15
148	3	3	24	6	12
148	3	4	15	15	10
148	3	5	16	14	12
148	3	6	16	14	10
148	3	7	15	15	11
148	3	8	24	6	11
148	3	9	14	16	15
148	3	10	18	12	15
148	3	11	19	11	11
148	3	12	17	13	10
148	3	13	16	14	12
148	3	14	16	14	10
148	3	15	17	13	15
148	3	16	14	16	11
148	3	17	19	11	14
148	3	18	14	16	10
148	3	19	17	13	13
148	3	20	16	14	14
149	3	1	14	16	15
149	3	2	16	14	15
149	3	3	15	15	12
149	3	4	13	17	10
149	3	5	22	8	12
149	3	6	22	8	10
149	3	7	10	20	11
149	3	8	11	19	11
149	3	9	12	18	15
149	3	10	21	9	15
149	3	11	18	12	11
149	3	12	12	18	10
149	3	13	13	17	12
149	3	14	22	8	10
149	3	15	16	14	15
149	3	16	15	15	11
149	3	17	18	12	14
149	3	18	14	16	10
149	3	19	21	9	13
149	3	20	17	13	14
150	3	1	17	13	15
150	3	2	18	12	15
150	3	3	16	14	12
150	3	4	15	15	10
150	3	5	16	14	12
150	3	6	14	16	10
150	3	7	16	14	11
150	3	8	24	6	11
150	3	9	16	14	15
150	3	10	18	12	15
150	3	11	18	12	11
150	3	12	22	8	10
150	3	13	16	14	12
150	3	14	18	12	10
150	3	15	18	12	15
150	3	16	18	12	11
150	3	17	19	11	14
150	3	18	14	16	10
150	3	19	17	13	13
150	3	20	18	12	14
151	3	1	15	15	15
151	3	2	9	21	15
151	3	3	20	10	12
151	3	4	10	20	10
151	3	5	10	20	12
151	3	6	10	20	10
151	3	7	12	18	11
151	3	8	17	13	11
151	3	9	15	15	15
151	3	10	20	10	15
151	3	11	20	10	11
151	3	12	16	14	10
151	3	13	10	20	12
151	3	14	16	14	10
151	3	15	18	12	15
151	3	16	9	21	11
151	3	17	18	12	14
151	3	18	14	16	10
151	3	19	18	12	13
151	3	20	18	12	14
152	3	1	20	10	15
152	3	2	19	11	15
152	3	3	16	14	12
152	3	4	19	11	10
152	3	5	15	15	12
152	3	6	27	3	10
152	3	7	19	11	11
152	3	8	23	7	11
152	3	9	16	14	15
152	3	10	20	10	15
152	3	11	22	8	11
152	3	12	24	6	10
152	3	13	18	12	12
152	3	14	20	10	10
152	3	15	21	9	15
152	3	16	17	13	11
152	3	17	17	13	14
152	3	18	21	9	10
152	3	19	15	15	13
152	3	20	20	10	14
153	3	1	11	19	15
153	3	2	9	21	15
153	3	3	11	19	12
153	3	4	13	17	10
153	3	5	11	19	12
153	3	6	12	18	10
153	3	7	13	17	11
153	3	8	14	16	11
153	3	9	12	18	15
153	3	10	16	14	15
153	3	11	13	17	11
153	3	12	14	16	10
153	3	13	10	20	12
153	3	14	18	12	10
153	3	15	12	18	15
153	3	16	15	15	11
153	3	17	14	16	14
153	3	18	16	14	10
153	3	19	15	15	13
153	3	20	11	19	14
154	3	1	17	13	15
154	3	2	10	20	15
154	3	3	19	11	12
154	3	4	16	14	10
154	3	5	17	13	12
154	3	6	14	16	10
154	3	7	17	13	11
154	3	8	19	11	11
154	3	9	19	11	15
154	3	10	22	8	15
154	3	11	21	9	11
154	3	12	14	16	10
154	3	13	15	15	12
154	3	14	22	8	10
154	3	15	20	10	15
154	3	16	24	6	11
154	3	17	22	8	14
154	3	18	14	16	10
154	3	19	16	14	13
154	3	20	16	14	14
155	3	1	22	8	15
155	3	2	18	12	15
155	3	3	23	7	12
155	3	4	25	5	10
155	3	5	19	11	12
155	3	6	22	8	10
155	3	7	17	13	11
155	3	8	22	8	11
155	3	9	25	5	15
155	3	10	25	5	15
155	3	11	21	9	11
155	3	12	21	9	10
155	3	13	24	6	12
155	3	14	23	7	10
155	3	15	25	5	15
155	3	16	24	6	11
155	3	17	20	10	14
155	3	18	23	7	10
155	3	19	23	7	13
155	3	20	22	8	14
156	3	1	16	14	15
156	3	2	12	18	15
156	3	3	16	14	12
156	3	4	25	5	10
156	3	5	14	16	12
156	3	6	19	11	10
156	3	7	20	10	11
156	3	8	19	11	11
156	3	9	18	12	15
156	3	10	25	5	15
156	3	11	12	18	11
156	3	12	18	12	10
156	3	13	12	18	12
156	3	14	16	14	10
156	3	15	17	13	15
156	3	16	14	16	11
156	3	17	17	13	14
156	3	18	22	8	10
156	3	19	20	10	13
156	3	20	16	14	14
157	3	1	22	8	15
157	3	2	26	4	15
157	3	3	21	9	12
157	3	4	16	14	10
157	3	5	20	10	12
157	3	6	21	9	10
157	3	7	21	9	11
157	3	8	21	9	11
157	3	9	21	9	15
157	3	10	22	8	15
157	3	11	22	8	11
157	3	12	24	6	10
157	3	13	20	10	12
157	3	14	23	7	10
157	3	15	21	9	15
157	3	16	24	6	11
157	3	17	25	5	14
157	3	18	18	12	10
157	3	19	22	8	13
157	3	20	24	6	14
158	3	1	14	16	15
158	3	2	6	24	15
158	3	3	16	14	12
158	3	4	13	17	10
158	3	5	19	11	12
158	3	6	10	20	10
158	3	7	26	4	11
158	3	8	24	6	11
158	3	9	25	5	15
158	3	10	21	9	15
158	3	11	17	13	11
158	3	12	12	18	10
158	3	13	14	16	12
158	3	14	23	7	10
158	3	15	19	11	15
158	3	16	24	6	11
158	3	17	20	10	14
158	3	18	22	8	10
158	3	19	18	12	13
158	3	20	10	20	14
159	3	1	26	4	15
159	3	2	23	7	15
159	3	3	23	7	12
159	3	4	24	6	10
159	3	5	24	6	12
159	3	6	30	0	10
159	3	7	24	6	11
159	3	8	25	5	11
159	3	9	24	6	15
159	3	10	25	5	15
159	3	11	23	7	11
159	3	12	25	5	10
159	3	13	27	3	12
159	3	14	24	6	10
159	3	15	25	5	15
159	3	16	27	3	11
159	3	17	23	7	14
159	3	18	26	4	10
159	3	19	26	4	13
159	3	20	27	3	14
160	3	1	20	10	15
160	3	2	16	14	15
160	3	3	20	10	12
160	3	4	22	8	10
160	3	5	20	10	12
160	3	6	17	13	10
160	3	7	24	6	11
160	3	8	24	6	11
160	3	9	21	9	15
160	3	10	20	10	15
160	3	11	22	8	11
160	3	12	17	13	10
160	3	13	20	10	12
160	3	14	18	12	10
160	3	15	21	9	15
160	3	16	18	12	11
160	3	17	20	10	14
160	3	18	21	9	10
160	3	19	19	11	13
160	3	20	18	12	14
161	3	1	22	8	15
161	3	2	16	14	15
161	3	3	17	13	12
161	3	4	20	10	10
161	3	5	20	10	12
161	3	6	16	14	10
161	3	7	20	10	11
161	3	8	18	12	11
161	3	9	16	14	15
161	3	10	22	8	15
161	3	11	18	12	11
161	3	12	14	16	10
161	3	13	18	12	12
161	3	14	20	10	10
161	3	15	19	11	15
161	3	16	17	13	11
161	3	17	23	7	14
161	3	18	20	10	10
161	3	19	20	10	13
161	3	20	22	8	14
162	3	1	16	14	15
162	3	2	19	11	15
162	3	3	16	14	12
162	3	4	19	11	10
162	3	5	18	12	12
162	3	6	20	10	10
162	3	7	24	6	11
162	3	8	19	11	11
162	3	9	24	6	15
162	3	10	18	12	15
162	3	11	16	14	11
162	3	12	21	9	10
162	3	13	17	13	12
162	3	14	20	10	10
162	3	15	16	14	15
162	3	16	19	11	11
162	3	17	13	17	14
162	3	18	21	9	10
162	3	19	17	13	13
162	3	20	19	11	14
163	3	1	14	16	15
163	3	2	22	8	15
163	3	3	15	15	12
163	3	4	14	16	10
163	3	5	17	13	12
163	3	6	19	11	10
163	3	7	12	18	11
163	3	8	14	16	11
163	3	9	15	15	15
163	3	10	18	12	15
163	3	11	12	8	11
163	3	12	12	8	10
163	3	13	12	8	12
163	3	14	14	16	10
163	3	15	16	14	15
163	3	16	14	16	11
163	3	17	16	14	14
163	3	18	16	14	10
163	3	19	12	18	13
163	3	20	20	10	14
164	3	1	18	12	15
164	3	2	13	17	15
164	3	3	26	4	12
164	3	4	13	17	10
164	3	5	15	15	12
164	3	6	17	13	10
164	3	7	16	14	11
164	3	8	20	10	11
164	3	9	18	12	15
164	3	10	22	8	15
164	3	11	17	13	11
164	3	12	17	13	10
164	3	13	19	11	12
164	3	14	18	12	10
164	3	15	20	10	15
164	3	16	17	13	11
164	3	17	20	10	14
164	3	18	18	12	10
164	3	19	18	12	13
164	3	20	18	12	14
165	3	1	24	6	15
165	3	2	11	19	15
165	3	3	18	12	12
165	3	4	18	12	10
165	3	5	17	13	12
165	3	6	14	16	10
165	3	7	16	14	11
165	3	8	17	13	11
165	3	9	13	17	15
165	3	10	17	13	15
165	3	11	19	11	11
165	3	12	16	14	10
165	3	13	16	14	12
165	3	14	19	11	10
165	3	15	20	10	15
165	3	16	15	15	11
165	3	17	16	14	14
165	3	18	15	15	10
165	3	19	20	10	13
165	3	20	21	9	14
166	3	1	20	10	15
166	3	2	12	18	15
166	3	3	17	13	12
166	3	4	15	15	10
166	3	5	14	16	12
166	3	6	14	16	10
166	3	7	16	14	11
166	3	8	17	13	11
166	3	9	15	15	15
166	3	10	20	10	15
166	3	11	15	15	11
166	3	12	14	16	10
166	3	13	16	14	12
166	3	14	14	16	10
166	3	15	16	14	15
166	3	16	12	18	11
166	3	17	17	13	14
166	3	18	12	18	10
166	3	19	14	16	13
166	3	20	14	16	14
167	3	1	17	13	15
167	3	2	10	20	15
167	3	3	21	9	12
167	3	4	18	12	10
167	3	5	17	13	12
167	3	6	19	11	10
167	3	7	18	12	11
167	3	8	23	7	11
167	3	9	21	9	15
167	3	10	23	7	15
167	3	11	24	6	11
167	3	12	20	10	10
167	3	13	20	10	12
167	3	14	18	12	10
167	3	15	23	7	15
167	3	16	21	9	11
167	3	17	21	9	14
167	3	18	20	10	10
167	3	19	23	7	13
167	3	20	19	11	14
168	3	1	16	14	15
168	3	2	19	11	15
168	3	3	16	14	12
168	3	4	18	12	10
168	3	5	20	10	12
168	3	6	19	11	10
168	3	7	18	12	11
168	3	8	18	12	11
168	3	9	17	13	15
168	3	10	20	10	15
168	3	11	18	12	11
168	3	12	19	11	10
168	3	13	18	12	12
168	3	14	20	10	10
168	3	15	16	14	15
168	3	16	19	11	11
168	3	17	20	10	14
168	3	18	19	11	10
168	3	19	14	16	13
168	3	20	20	10	14
169	3	1	10	20	15
169	3	2	6	24	15
169	3	3	14	16	12
169	3	4	14	16	10
169	3	5	15	15	12
169	3	6	13	17	10
169	3	7	13	17	11
169	3	8	17	13	11
169	3	9	14	16	15
169	3	10	18	12	15
169	3	11	11	19	11
169	3	12	22	8	10
169	3	13	16	14	12
169	3	14	15	15	10
169	3	15	18	12	15
169	3	16	17	13	11
169	3	17	15	15	14
169	3	18	14	16	10
169	3	19	17	13	13
169	3	20	16	14	14
170	3	1	21	9	15
170	3	2	18	12	15
170	3	3	23	7	12
170	3	4	24	6	10
170	3	5	22	8	12
170	3	6	24	6	10
170	3	7	26	4	11
170	3	8	23	7	11
170	3	9	24	6	15
170	3	10	23	7	15
170	3	11	16	14	11
170	3	12	24	6	10
170	3	13	22	8	12
170	3	14	17	13	10
170	3	15	21	9	15
170	3	16	21	9	11
170	3	17	20	10	14
170	3	18	21	9	10
170	3	19	19	11	13
170	3	20	18	12	14
171	3	1	13	17	15
171	3	2	14	16	15
171	3	3	17	13	12
171	3	4	16	14	10
171	3	5	19	11	12
171	3	6	14	16	10
171	3	7	18	12	11
171	3	8	15	15	11
171	3	9	14	16	15
171	3	10	21	9	15
171	3	11	17	13	11
171	3	12	15	15	10
171	3	13	18	12	12
171	3	14	16	14	10
171	3	15	20	10	15
171	3	16	12	18	11
171	3	17	18	12	14
171	3	18	13	17	10
171	3	19	19	11	13
171	3	20	14	16	14
172	3	1	19	11	15
172	3	2	21	9	15
172	3	3	16	14	12
172	3	4	22	8	10
172	3	5	18	12	12
172	3	6	20	10	10
172	3	7	20	10	11
172	3	8	26	4	11
172	3	9	21	9	15
172	3	10	22	8	15
172	3	11	22	8	11
172	3	12	19	11	10
172	3	13	18	12	12
172	3	14	20	10	10
172	3	15	21	9	15
172	3	16	20	10	11
172	3	17	19	11	14
172	3	18	19	11	10
172	3	19	20	10	13
172	3	20	20	10	14
173	3	1	16	14	15
173	3	2	12	18	15
173	3	3	19	11	12
173	3	4	16	14	10
173	3	5	19	11	12
173	3	6	17	13	10
173	3	7	18	12	11
173	3	8	21	9	11
173	3	9	18	12	15
173	3	10	20	10	15
173	3	11	20	10	11
173	3	12	21	9	10
173	3	13	20	10	12
173	3	14	25	5	10
173	3	15	0	30	15
173	3	16	24	6	11
173	3	17	21	9	14
173	3	18	20	10	10
173	3	19	25	5	13
173	3	20	22	8	14
174	3	1	17	13	15
174	3	2	23	7	15
174	3	3	16	14	12
174	3	4	23	7	10
174	3	5	16	14	12
174	3	6	13	17	10
174	3	7	20	10	11
174	3	8	19	11	11
174	3	9	20	10	15
174	3	10	20	10	15
174	3	11	17	13	11
174	3	12	14	16	10
174	3	13	16	14	12
174	3	14	17	13	10
174	3	15	17	13	15
174	3	16	17	13	11
174	3	17	17	13	14
174	3	18	15	15	10
174	3	19	15	15	13
174	3	20	17	13	14
175	3	1	16	14	15
175	3	2	12	18	15
175	3	3	19	11	12
175	3	4	15	15	10
175	3	5	23	7	12
175	3	6	18	12	10
175	3	7	21	9	11
175	3	8	23	7	11
175	3	9	21	9	15
175	3	10	25	5	15
175	3	11	23	7	11
175	3	12	22	8	10
175	3	13	20	10	12
175	3	14	17	13	10
175	3	15	24	6	15
175	3	16	19	11	11
175	3	17	19	11	14
175	3	18	22	8	10
175	3	19	20	10	13
175	3	20	22	8	14
176	3	1	11	19	15
176	3	2	15	15	15
176	3	3	16	14	12
176	3	4	13	17	10
176	3	5	18	12	12
176	3	6	14	16	10
176	3	7	19	11	11
176	3	8	13	17	11
176	3	9	20	10	15
176	3	10	12	18	15
176	3	11	12	18	11
176	3	12	11	19	10
176	3	13	13	17	12
176	3	14	18	12	10
176	3	15	18	12	15
176	3	16	20	10	11
176	3	17	15	15	14
176	3	18	18	12	10
176	3	19	15	15	13
176	3	20	19	11	14
177	4	1	29	1	15
177	4	2	19	11	15
177	4	3	28	2	12
177	4	4	24	6	10
177	4	5	24	6	12
177	4	6	20	10	10
177	4	7	24	6	11
177	4	8	29	1	11
177	4	9	23	7	15
177	4	10	30	0	15
177	4	11	29	1	11
177	4	12	22	8	10
177	4	13	24	6	12
177	4	14	21	9	10
177	4	15	22	8	15
177	4	16	20	10	11
177	4	17	27	3	14
177	4	18	22	8	10
177	4	19	26	4	13
177	4	20	19	11	14
178	4	1	21	9	15
178	4	2	21	9	15
178	4	3	22	8	12
178	4	4	24	6	10
178	4	5	27	3	12
178	4	6	29	1	10
178	4	7	24	6	11
178	4	8	27	3	11
178	4	9	25	5	15
178	4	10	30	0	15
178	4	11	29	1	11
178	4	12	21	9	10
178	4	13	22	8	12
178	4	14	27	3	10
178	4	15	24	6	15
178	4	16	24	6	11
178	4	17	27	3	14
178	4	18	25	5	10
178	4	19	25	5	13
178	4	20	27	3	14
179	4	1	11	19	15
179	4	2	12	8	15
179	4	3	19	11	12
179	4	4	13	17	10
179	4	5	19	11	12
179	4	6	17	13	10
179	4	7	7	23	11
179	4	8	11	19	11
179	4	9	17	13	15
179	4	10	20	10	15
179	4	11	17	13	11
179	4	12	12	18	10
179	4	13	14	16	12
179	4	14	19	11	10
179	4	15	17	13	15
179	4	16	12	18	11
179	4	17	16	14	14
179	4	18	15	15	10
179	4	19	14	16	13
179	4	20	17	13	14
180	4	1	24	6	15
180	4	2	23	7	15
180	4	3	22	8	12
180	4	4	29	1	10
180	4	5	0	30	12
180	4	6	25	5	10
180	4	7	21	9	11
180	4	8	26	4	11
180	4	9	13	17	15
180	4	10	25	5	15
180	4	11	24	6	11
180	4	12	20	10	10
180	4	13	23	7	12
180	4	14	27	3	10
180	4	15	24	6	15
180	4	16	19	11	11
180	4	17	20	10	14
180	4	18	18	12	10
180	4	19	20	10	13
180	4	20	20	10	14
181	4	1	10	20	15
181	4	2	14	16	15
181	4	3	17	13	12
181	4	4	15	15	10
181	4	5	17	13	12
181	4	6	17	13	10
181	4	7	17	13	11
181	4	8	19	11	11
181	4	9	19	11	15
181	4	10	22	8	15
181	4	11	16	14	11
181	4	12	22	8	10
181	4	13	18	12	12
181	4	14	24	6	10
181	4	15	18	12	15
181	4	16	17	13	11
181	4	17	17	13	14
181	4	18	21	9	10
181	4	19	18	12	13
181	4	20	17	13	14
182	4	1	18	12	15
182	4	2	10	20	15
182	4	3	20	10	12
182	4	4	18	12	10
182	4	5	20	10	12
182	4	6	16	14	10
182	4	7	18	12	11
182	4	8	19	11	11
182	4	9	18	12	15
182	4	10	22	8	15
182	4	11	22	8	11
182	4	12	20	10	10
182	4	13	21	9	12
182	4	14	18	12	10
182	4	15	18	12	15
182	4	16	20	10	11
182	4	17	20	10	14
182	4	18	21	9	10
182	4	19	18	12	13
182	4	20	13	17	14
183	4	1	14	16	15
183	4	2	16	14	15
183	4	3	19	11	12
183	4	4	19	11	10
183	4	5	19	11	12
183	4	6	19	11	10
183	4	7	18	12	11
183	4	8	21	9	11
183	4	9	23	7	15
183	4	10	23	7	15
183	4	11	24	6	11
183	4	12	20	10	10
183	4	13	21	9	12
183	4	14	22	8	10
183	4	15	21	9	15
183	4	16	19	11	11
183	4	17	21	9	14
183	4	18	24	6	10
183	4	19	20	10	13
183	4	20	15	15	14
184	4	1	21	9	15
184	4	2	14	16	15
184	4	3	22	8	12
184	4	4	28	2	10
184	4	5	21	9	12
184	4	6	30	0	10
184	4	7	23	7	11
184	4	8	30	0	11
184	4	9	30	0	15
184	4	10	30	0	15
184	4	11	25	5	11
184	4	12	29	1	10
184	4	13	26	4	12
184	4	14	25	5	10
184	4	15	27	3	15
184	4	16	27	3	11
184	4	17	24	6	14
184	4	18	29	1	10
184	4	19	29	1	13
184	4	20	27	3	14
185	4	1	15	15	15
185	4	2	17	13	15
185	4	3	18	12	12
185	4	4	19	11	10
185	4	5	17	13	12
185	4	6	14	16	10
185	4	7	16	14	11
185	4	8	19	11	11
185	4	9	18	12	15
185	4	10	20	10	15
185	4	11	20	10	11
185	4	12	20	10	10
185	4	13	20	10	12
185	4	14	21	9	10
185	4	15	18	12	15
185	4	16	19	11	11
185	4	17	19	11	14
185	4	18	20	10	10
185	4	19	13	17	13
185	4	20	20	10	14
186	4	1	11	19	15
186	4	2	21	9	15
186	4	3	22	8	12
186	4	4	28	2	10
186	4	5	20	10	12
186	4	6	27	3	10
186	4	7	16	14	11
186	4	8	24	6	11
186	4	9	17	13	15
186	4	10	28	2	15
186	4	11	24	6	11
186	4	12	23	7	10
186	4	13	18	12	12
186	4	14	22	8	10
186	4	15	21	9	15
186	4	16	20	10	11
186	4	17	20	10	14
186	4	18	21	9	10
186	4	19	17	13	13
186	4	20	14	16	14
187	4	1	26	4	15
187	4	2	17	13	15
187	4	3	23	7	12
187	4	4	24	6	10
187	4	5	20	10	12
187	4	6	20	10	10
187	4	7	22	8	11
187	4	8	27	3	11
187	4	9	27	3	15
187	4	10	27	3	15
187	4	11	27	3	11
187	4	12	26	4	10
187	4	13	25	5	12
187	4	14	22	8	10
187	4	15	25	5	15
187	4	16	24	6	11
187	4	17	26	4	14
187	4	18	25	5	10
187	4	19	23	7	13
187	4	20	22	8	14
188	4	1	18	12	15
188	4	2	19	11	15
188	4	3	18	12	12
188	4	4	19	11	10
188	4	5	15	15	12
188	4	6	21	9	10
188	4	7	16	14	11
188	4	8	20	10	11
188	4	9	20	10	15
188	4	10	22	8	15
188	4	11	25	5	11
188	4	12	19	11	10
188	4	13	16	14	12
188	4	14	17	13	10
188	4	15	19	11	15
188	4	16	19	11	11
188	4	17	22	8	14
188	4	18	17	13	10
188	4	19	15	15	13
188	4	20	20	10	14
189	4	1	29	1	15
189	4	2	27	3	15
189	4	3	25	5	12
189	4	4	6	24	10
189	4	5	16	14	12
189	4	6	17	13	10
189	4	7	21	9	11
189	4	8	20	10	11
189	4	9	18	12	15
189	4	10	27	3	15
189	4	11	22	8	11
189	4	12	23	7	10
189	4	13	16	14	12
189	4	14	16	14	10
189	4	15	19	11	15
189	4	16	15	15	11
189	4	17	13	17	14
189	4	18	20	10	10
189	4	19	17	13	13
189	4	20	20	10	14
190	4	1	16	14	15
190	4	2	19	11	15
190	4	3	20	10	12
190	4	4	17	13	10
190	4	5	19	11	12
190	4	6	17	13	10
190	4	7	18	12	11
190	4	8	18	12	11
190	4	9	21	9	15
190	4	10	24	6	15
190	4	11	22	8	11
190	4	12	17	13	10
190	4	13	19	11	12
190	4	14	22	8	10
190	4	15	21	9	15
190	4	16	19	11	11
190	4	17	22	8	14
190	4	18	20	10	10
190	4	19	21	9	13
190	4	20	17	13	14
191	4	1	19	11	15
191	4	2	17	13	15
191	4	3	16	14	12
191	4	4	13	17	10
191	4	5	11	19	12
191	4	6	14	16	10
191	4	7	11	19	11
191	4	8	13	17	11
191	4	9	14	16	15
191	4	10	16	14	15
191	4	11	12	18	11
191	4	12	16	14	10
191	4	13	14	16	12
191	4	14	15	15	10
191	4	15	16	14	15
191	4	16	11	19	11
191	4	17	14	16	14
191	4	18	14	16	10
191	4	19	12	18	13
191	4	20	12	18	14
192	4	1	15	15	15
192	4	2	14	16	15
192	4	3	13	17	12
192	4	4	14	16	10
192	4	5	16	14	12
192	4	6	12	18	10
192	4	7	14	16	11
192	4	8	14	16	11
192	4	9	19	11	15
192	4	10	20	10	15
192	4	11	19	11	11
192	4	12	16	14	10
192	4	13	17	13	12
192	4	14	14	16	10
192	4	15	14	16	15
192	4	16	22	8	11
192	4	17	20	10	14
192	4	18	14	16	10
192	4	19	24	6	13
192	4	20	24	6	14
193	4	1	19	11	15
193	4	2	20	10	15
193	4	3	24	6	12
193	4	4	23	7	10
193	4	5	24	6	12
193	4	6	12	18	10
193	4	7	18	12	11
193	4	8	12	18	11
193	4	9	23	7	15
193	4	10	20	10	15
193	4	11	8	22	11
193	4	12	27	3	10
193	4	13	21	9	12
193	4	14	12	18	10
193	4	15	11	19	15
193	4	16	23	7	11
193	4	17	23	7	14
193	4	18	19	11	10
193	4	19	23	7	13
193	4	20	23	7	14
194	4	1	26	4	15
194	4	2	23	7	15
194	4	3	23	7	12
194	4	4	27	3	10
194	4	5	24	6	12
194	4	6	26	4	10
194	4	7	24	6	11
194	4	8	30	0	11
194	4	9	27	3	15
194	4	10	27	3	15
194	4	11	13	17	11
194	4	12	25	5	10
194	4	13	23	7	12
194	4	14	22	8	10
194	4	15	23	7	15
194	4	16	27	3	11
194	4	17	23	7	14
194	4	18	27	3	10
194	4	19	21	9	13
194	4	20	29	1	14
195	4	1	16	14	15
195	4	2	15	15	15
195	4	3	18	12	12
195	4	4	18	12	10
195	4	5	18	12	12
195	4	6	18	12	10
195	4	7	13	17	11
195	4	8	14	16	11
195	4	9	19	11	15
195	4	10	22	8	15
195	4	11	27	3	11
195	4	12	21	9	10
195	4	13	23	7	12
195	4	14	24	6	10
195	4	15	21	9	15
195	4	16	16	14	11
195	4	17	23	7	14
195	4	18	23	7	10
195	4	19	19	11	13
195	4	20	18	12	14
196	4	1	19	11	15
196	4	2	14	16	15
196	4	3	21	9	12
196	4	4	19	11	10
196	4	5	19	11	12
196	4	6	17	13	10
196	4	7	18	12	11
196	4	8	20	10	11
196	4	9	18	12	15
196	4	10	14	6	15
196	4	11	20	10	11
196	4	12	18	12	10
196	4	13	16	14	12
196	4	14	21	9	10
196	4	15	16	14	15
196	4	16	18	12	11
196	4	17	19	11	14
196	4	18	20	10	10
196	4	19	19	11	13
196	4	20	22	8	14
197	4	1	14	16	15
197	4	2	11	19	15
197	4	3	17	13	12
197	4	4	15	15	10
197	4	5	17	13	12
197	4	6	15	15	10
197	4	7	14	16	11
197	4	8	14	16	11
197	4	9	17	13	15
197	4	10	20	10	15
197	4	11	17	13	11
197	4	12	18	12	10
197	4	13	15	15	12
197	4	14	15	15	10
197	4	15	14	16	15
197	4	16	16	14	11
197	4	17	16	14	14
197	4	18	16	14	10
197	4	19	15	15	13
197	4	20	15	15	14
198	4	1	27	3	15
198	4	2	14	16	15
198	4	3	23	7	12
198	4	4	20	10	10
198	4	5	22	8	12
198	4	6	21	9	10
198	4	7	19	11	11
198	4	8	21	9	11
198	4	9	19	11	15
198	4	10	25	5	15
198	4	11	26	4	11
198	4	12	17	13	10
198	4	13	18	12	12
198	4	14	20	10	10
198	4	15	16	14	15
198	4	16	14	16	11
198	4	17	23	7	14
198	4	18	17	13	10
198	4	19	18	12	13
198	4	20	20	10	14
199	4	1	16	14	15
199	4	2	10	20	15
199	4	3	17	13	12
199	4	4	13	17	10
199	4	5	12	18	12
199	4	6	12	18	10
199	4	7	13	17	11
199	4	8	13	17	11
199	4	9	13	17	15
199	4	10	19	11	15
199	4	11	17	13	11
199	4	12	16	14	10
199	4	13	12	18	12
199	4	14	15	15	10
199	4	15	13	17	15
199	4	16	16	14	11
199	4	17	13	17	14
199	4	18	18	12	10
199	4	19	13	17	13
199	4	20	14	16	14
200	4	1	15	15	15
200	4	2	13	17	15
200	4	3	16	14	12
200	4	4	15	15	10
200	4	5	17	13	12
200	4	6	14	16	10
200	4	7	16	14	11
200	4	8	15	15	11
200	4	9	14	16	15
200	4	10	20	10	15
200	4	11	20	10	11
200	4	12	19	11	10
200	4	13	18	12	12
200	4	14	17	13	10
200	4	15	18	12	15
200	4	16	17	13	11
200	4	17	19	11	14
200	4	18	16	14	10
200	4	19	18	12	13
200	4	20	17	13	14
201	4	1	18	12	15
201	4	2	10	20	15
201	4	3	16	14	12
201	4	4	15	15	10
201	4	5	16	14	12
201	4	6	12	18	10
201	4	7	11	19	11
201	4	8	14	16	11
201	4	9	17	13	15
201	4	10	20	10	15
201	4	11	17	13	11
201	4	12	18	12	10
201	4	13	13	17	12
201	4	14	19	11	10
201	4	15	19	11	15
201	4	16	14	16	11
201	4	17	19	11	14
201	4	18	20	10	10
201	4	19	15	15	13
201	4	20	18	12	14
202	4	1	12	18	15
202	4	2	5	25	15
202	4	3	12	18	12
202	4	4	14	16	10
202	4	5	15	15	12
202	4	6	12	18	10
202	4	7	12	18	11
202	4	8	16	14	11
202	4	9	14	16	15
202	4	10	17	13	15
202	4	11	23	7	11
202	4	12	14	16	10
202	4	13	16	14	12
202	4	14	16	14	10
202	4	15	15	15	15
202	4	16	15	15	11
202	4	17	21	9	14
202	4	18	14	16	10
202	4	19	13	17	13
202	4	20	14	16	14
203	4	1	25	5	15
203	4	2	13	17	15
203	4	3	23	7	12
203	4	4	22	8	10
203	4	5	15	15	12
203	4	6	18	12	10
203	4	7	19	11	11
203	4	8	30	0	11
203	4	9	23	7	15
203	4	10	25	5	15
203	4	11	16	14	11
203	4	12	22	8	10
203	4	13	23	7	12
203	4	14	22	8	10
203	4	15	22	8	15
203	4	16	24	6	11
203	4	17	23	7	14
203	4	18	21	9	10
203	4	19	21	9	13
203	4	20	26	4	14
204	4	1	15	15	15
204	4	2	13	17	15
204	4	3	20	10	12
204	4	4	23	7	10
204	4	5	17	13	12
204	4	6	22	8	10
204	4	7	22	8	11
204	4	8	21	9	11
204	4	9	22	8	15
204	4	10	23	7	15
204	4	11	23	7	11
204	4	12	20	10	10
204	4	13	20	10	12
204	4	14	16	14	10
204	4	15	21	9	15
204	4	16	21	9	11
204	4	17	16	14	14
204	4	18	20	10	10
204	4	19	16	14	13
204	4	20	18	12	14
205	4	1	17	13	15
205	4	2	14	16	15
205	4	3	20	10	12
205	4	4	13	17	10
205	4	5	17	13	12
205	4	6	18	12	10
205	4	7	17	13	11
205	4	8	17	13	11
205	4	9	17	13	15
205	4	10	22	8	15
205	4	11	19	11	11
205	4	12	14	16	10
205	4	13	17	13	12
205	4	14	16	14	10
205	4	15	17	13	15
205	4	16	18	12	11
205	4	17	15	15	14
205	4	18	15	15	10
205	4	19	16	14	13
205	4	20	13	17	14
206	4	1	9	21	15
206	4	2	14	16	15
206	4	3	14	16	12
206	4	4	17	13	10
206	4	5	17	13	12
206	4	6	16	14	10
206	4	7	16	14	11
206	4	8	16	14	11
206	4	9	16	14	15
206	4	10	18	12	15
206	4	11	17	13	11
206	4	12	18	12	10
206	4	13	18	12	12
206	4	14	17	13	10
206	4	15	19	11	15
206	4	16	20	10	11
206	4	17	22	8	14
206	4	18	17	13	10
206	4	19	16	14	13
206	4	20	16	14	14
207	4	1	20	10	15
207	4	2	19	11	15
207	4	3	28	2	12
207	4	4	16	14	10
207	4	5	12	18	12
207	4	6	22	8	10
207	4	7	27	3	11
207	4	8	19	11	11
207	4	9	27	3	15
207	4	10	23	7	15
207	4	11	23	7	11
207	4	12	23	7	10
207	4	13	19	11	12
207	4	14	28	2	10
207	4	15	21	9	15
207	4	16	25	5	11
207	4	17	16	14	14
207	4	18	25	5	10
207	4	19	15	15	13
207	4	20	25	5	14
208	4	1	22	10	15
208	4	2	23	7	15
208	4	3	26	4	12
208	4	4	23	7	10
208	4	5	27	3	12
208	4	6	20	10	10
208	4	7	27	3	11
208	4	8	22	8	11
208	4	9	20	10	15
208	4	10	27	3	15
208	4	11	21	9	11
208	4	12	24	6	10
208	4	13	19	11	12
208	4	14	22	8	10
208	4	15	24	6	15
208	4	16	23	7	11
208	4	17	18	12	14
208	4	18	23	7	10
208	4	19	23	7	13
208	4	20	16	14	14
209	4	1	19	11	15
209	4	2	15	15	15
209	4	3	19	11	12
209	4	4	18	12	10
209	4	5	23	7	12
209	4	6	19	11	10
209	4	7	21	9	11
209	4	8	24	6	11
209	4	9	24	6	15
209	4	10	24	6	15
209	4	11	28	2	11
209	4	12	22	8	10
209	4	13	23	7	12
209	4	14	22	8	10
209	4	15	25	5	15
209	4	16	22	8	11
209	4	17	23	7	14
209	4	18	23	7	10
209	4	19	23	7	13
209	4	20	16	14	14
210	4	1	28	2	15
210	4	2	28	2	15
210	4	3	30	0	12
210	4	4	19	11	10
210	4	5	29	1	12
210	4	6	23	7	10
210	4	7	23	7	11
210	4	8	30	0	11
210	4	9	28	2	15
210	4	10	30	0	15
210	4	11	19	11	11
210	4	12	19	11	10
210	4	13	19	11	12
210	4	14	20	10	10
210	4	15	27	3	15
210	4	16	30	0	11
210	4	17	16	14	14
210	4	18	18	12	10
210	4	19	18	12	13
210	4	20	20	10	14
211	4	1	16	14	15
211	4	2	22	8	15
211	4	3	17	13	12
211	4	4	13	17	10
211	4	5	16	14	12
211	4	6	14	16	10
211	4	7	15	15	11
211	4	8	16	14	11
211	4	9	18	12	15
211	4	10	15	15	15
211	4	11	24	6	11
211	4	12	25	5	10
211	4	13	25	5	12
211	4	14	27	3	10
211	4	15	28	2	15
211	4	16	24	6	11
211	4	17	20	10	14
211	4	18	20	10	10
211	4	19	22	8	13
211	4	20	19	11	14
212	4	1	16	14	15
212	4	2	15	15	15
212	4	3	17	13	12
212	4	4	15	15	10
212	4	5	16	14	12
212	4	6	12	18	10
212	4	7	14	16	11
212	4	8	15	15	11
212	4	9	26	4	15
212	4	10	15	15	15
212	4	11	15	15	11
212	4	12	16	14	10
212	4	13	12	18	12
212	4	14	17	13	10
212	4	15	19	11	15
212	4	16	19	11	11
212	4	17	15	15	14
212	4	18	17	13	10
212	4	19	14	16	13
212	4	20	13	17	14
213	4	1	16	14	15
213	4	2	26	4	15
213	4	3	19	11	12
213	4	4	19	11	10
213	4	5	19	11	12
213	4	6	20	10	10
213	4	7	19	11	11
213	4	8	20	10	11
213	4	9	19	11	15
213	4	10	22	8	15
213	4	11	15	15	11
213	4	12	15	15	10
213	4	13	13	17	12
213	4	14	18	12	10
213	4	15	15	15	15
213	4	16	16	14	11
213	4	17	10	20	14
213	4	18	12	18	10
213	4	19	15	15	13
213	4	20	12	18	14
214	4	1	19	11	15
214	4	2	19	11	15
214	4	3	18	12	12
214	4	4	13	17	10
214	4	5	17	13	12
214	4	6	16	14	10
214	4	7	17	13	11
214	4	8	17	13	11
214	4	9	19	11	15
214	4	10	22	8	15
214	4	11	19	11	11
214	4	12	13	17	10
214	4	13	14	16	12
214	4	14	20	10	10
214	4	15	21	9	15
214	4	16	17	13	11
214	4	17	20	10	14
214	4	18	18	12	10
214	4	19	17	13	13
214	4	20	13	17	14
215	4	1	20	10	15
215	4	2	15	15	15
215	4	3	19	11	12
215	4	4	17	13	10
215	4	5	19	11	12
215	4	6	18	12	10
215	4	7	16	14	11
215	4	8	13	17	11
215	4	9	24	6	15
215	4	10	25	5	15
215	4	11	19	11	11
215	4	12	17	13	10
215	4	13	20	10	12
215	4	14	20	10	10
215	4	15	25	5	15
215	4	16	25	5	11
215	4	17	21	9	14
215	4	18	19	11	10
215	4	19	17	13	13
215	4	20	20	10	14
216	4	1	24	6	15
216	4	2	22	8	15
216	4	3	18	12	12
216	4	4	21	9	10
216	4	5	18	12	12
216	4	6	19	11	10
216	4	7	14	16	11
216	4	8	14	16	11
216	4	9	19	11	15
216	4	10	26	4	15
216	4	11	23	7	11
216	4	12	20	10	10
216	4	13	15	15	12
216	4	14	23	7	10
216	4	15	21	9	15
216	4	16	26	4	11
216	4	17	14	16	14
216	4	18	18	12	10
216	4	19	16	14	13
216	4	20	19	11	14
217	4	1	18	12	15
217	4	2	22	8	15
217	4	3	22	8	12
217	4	4	17	13	10
217	4	5	18	12	12
217	4	6	19	11	10
217	4	7	17	13	11
217	4	8	17	13	11
217	4	9	13	17	15
217	4	10	23	7	15
217	4	11	18	12	11
217	4	12	13	17	10
217	4	13	15	15	12
217	4	14	17	13	10
217	4	15	20	10	15
217	4	16	21	9	11
217	4	17	15	15	14
217	4	18	18	12	10
217	4	19	16	14	13
217	4	20	17	13	14
218	4	1	22	8	15
218	4	2	17	13	15
218	4	3	18	12	12
218	4	4	17	13	10
218	4	5	13	17	12
218	4	6	17	13	10
218	4	7	19	11	11
218	4	8	19	11	11
218	4	9	18	12	15
218	4	10	21	9	15
218	4	11	11	19	11
218	4	12	20	10	10
218	4	13	21	9	12
218	4	14	18	12	10
218	4	15	18	12	15
218	4	16	18	12	11
218	4	17	16	14	14
218	4	18	18	12	10
218	4	19	16	14	13
218	4	20	24	6	14
219	4	1	17	13	15
219	4	2	17	13	15
219	4	3	16	14	12
219	4	4	13	17	10
219	4	5	14	16	12
219	4	6	15	15	10
219	4	7	13	17	11
219	4	8	13	17	11
219	4	9	13	17	15
219	4	10	18	12	15
219	4	11	15	15	11
219	4	12	14	16	10
219	4	13	12	18	12
219	4	14	12	18	10
219	4	15	16	14	15
219	4	16	18	12	11
219	4	17	17	13	14
219	4	18	13	17	10
219	4	19	18	12	13
219	4	20	14	16	14
220	4	1	29	1	15
220	4	2	29	1	15
220	4	3	29	1	12
220	4	4	28	2	10
220	4	5	15	15	12
220	4	6	27	3	10
220	4	7	26	4	11
220	4	8	30	0	11
220	4	9	29	1	15
220	4	10	28	2	15
220	4	11	27	3	11
220	4	12	29	1	10
220	4	13	30	0	12
220	4	14	28	2	10
220	4	15	29	1	15
220	4	16	28	2	11
220	4	17	28	2	14
220	4	18	28	2	10
220	4	19	25	5	13
220	4	20	26	4	14
221	4	1	24	6	15
221	4	2	27	3	15
221	4	3	14	16	12
221	4	4	19	11	10
221	4	5	16	14	12
221	4	6	20	10	10
221	4	7	15	15	11
221	4	8	24	6	11
221	4	9	27	3	15
221	4	10	30	0	15
221	4	11	15	15	11
221	4	12	17	13	10
221	4	13	14	16	12
221	4	14	16	14	10
221	4	15	20	10	15
221	4	16	21	9	11
221	4	17	18	12	14
221	4	18	19	11	10
221	4	19	15	15	13
221	4	20	20	10	14
222	4	1	20	10	15
222	4	2	17	13	15
222	4	3	21	9	12
222	4	4	21	9	10
222	4	5	17	13	12
222	4	6	20	10	10
222	4	7	21	9	11
222	4	8	23	7	11
222	4	9	22	8	15
222	4	10	19	11	15
222	4	11	15	15	11
222	4	12	20	10	10
222	4	13	19	11	12
222	4	14	15	15	10
222	4	15	20	10	15
222	4	16	15	15	11
222	4	17	18	12	14
222	4	18	22	8	10
222	4	19	20	10	13
222	4	20	20	10	14
223	4	1	16	14	15
223	4	2	28	2	15
223	4	3	29	1	12
223	4	4	27	3	10
223	4	5	17	13	12
223	4	6	19	11	10
223	4	7	17	13	11
223	4	8	25	5	11
223	4	9	20	10	15
223	4	10	25	5	15
223	4	11	18	12	11
223	4	12	15	15	10
223	4	13	13	17	12
223	4	14	17	13	10
223	4	15	20	10	15
223	4	16	17	13	11
223	4	17	14	16	14
223	4	18	12	18	10
223	4	19	16	14	13
223	4	20	22	8	14
224	4	1	17	13	15
224	4	2	17	13	15
224	4	3	16	14	12
224	4	4	14	16	10
224	4	5	16	14	12
224	4	6	10	20	10
224	4	7	14	16	11
224	4	8	15	15	11
224	4	9	14	16	15
224	4	10	20	10	15
224	4	11	14	16	11
224	4	12	13	17	10
224	4	13	13	17	12
224	4	14	18	12	10
224	4	15	20	10	15
224	4	16	16	14	11
224	4	17	17	13	14
224	4	18	15	15	10
224	4	19	16	14	13
224	4	20	15	15	14
225	4	1	19	11	15
225	4	2	20	10	15
225	4	3	19	11	12
225	4	4	20	10	10
225	4	5	25	5	12
225	4	6	19	11	10
225	4	7	18	12	11
225	4	8	20	10	11
225	4	9	20	10	15
225	4	10	20	10	15
225	4	11	19	11	11
225	4	12	16	14	10
225	4	13	14	16	12
225	4	14	16	14	10
225	4	15	18	12	15
225	4	16	15	15	11
225	4	17	13	17	14
225	4	18	13	17	10
225	4	19	18	12	13
225	4	20	15	15	14
226	4	1	29	1	15
226	4	2	28	2	15
226	4	3	17	13	12
226	4	4	28	2	10
226	4	5	15	15	12
226	4	6	15	15	10
226	4	7	13	17	11
226	4	8	20	10	11
226	4	9	25	5	15
226	4	10	25	5	15
226	4	11	23	7	11
226	4	12	27	3	10
226	4	13	28	2	12
226	4	14	26	4	10
226	4	15	28	2	15
226	4	16	28	2	11
226	4	17	20	10	14
226	4	18	22	8	10
226	4	19	25	5	13
226	4	20	20	10	14
227	4	1	20	10	15
227	4	2	21	9	15
227	4	3	19	11	12
227	4	4	20	10	10
227	4	5	12	18	12
227	4	6	19	11	10
227	4	7	20	10	11
227	4	8	12	18	11
227	4	9	14	16	15
227	4	10	12	18	15
227	4	11	20	10	11
227	4	12	18	12	10
227	4	13	19	11	12
227	4	14	19	11	10
227	4	15	20	10	15
227	4	16	11	19	11
227	4	17	18	12	14
227	4	18	13	17	10
227	4	19	12	18	13
227	4	20	10	20	14
228	4	1	26	4	15
228	4	2	20	10	15
228	4	3	18	12	12
228	4	4	14	16	10
228	4	5	16	14	12
228	4	6	14	16	10
228	4	7	13	17	11
228	4	8	27	3	11
228	4	9	27	3	15
228	4	10	25	5	15
228	4	11	25	5	11
228	4	12	24	6	10
228	4	13	12	18	12
228	4	14	18	12	10
228	4	15	24	6	15
228	4	16	20	10	11
228	4	17	24	6	14
228	4	18	27	3	10
228	4	19	20	10	13
228	4	20	20	10	14
